t = 5.000000000000000000000000000000E+00;
N0 = [
0.000000E+00
0.000000E+00
9.094639E-01
1.364196E-01
1.319923E-13
1.308940E-14
1.187655E-28
1.178719E-29
3.528986E-37
3.950194E-38
6.514648E-13
7.522659E-01
5.340508E-40
4.408990E-41
8.222056E-40
8.295793E-41
1.752938E-43
9.663812E-45
3.529482E-47
1.760942E-48
0.000000E+00
0.000000E+00
2.377799E-55
1.667983E-56
4.919427E-28
4.338290E-29
6.554692E-42
5.797121E-43
1.577864E-48
6.602468E-50
3.421972E-48
1.340103E-49
2.408237E-32
1.227348E-33
1.917411E-32
9.605454E-34
2.373571E-15
2.233931E-16
6.490913E-13
8.641209E-14
4.217605E-28
4.412368E-29
2.037540E-31
1.430241E-32
3.758569E-47
1.645829E-48
5.138113E-31
2.991424E-32
2.875527E-16
2.491022E-17
1.605631E-15
1.689825E-16
3.689237E-32
2.564376E-33
0.000000E+00
0.000000E+00
4.547319E-01
6.820979E-02
3.981286E-17
4.001285E-18
8.712421E-31
9.001874E-32
1.000000E+00
];
N1 = [
0.000000E+00
0.000000E+00
9.094639E-01
2.728392E-01
2.975946E-13
6.429071E-14
5.144940E-28
1.059344E-28
2.948838E-36
6.696735E-37
1.284321E-12
7.522659E-01
1.664863E-39
3.213696E-40
5.410843E-39
1.157991E-39
4.267637E-43
1.213945E-43
8.440005E-47
1.881899E-47
0.000000E+00
0.000000E+00
6.168192E-55
1.164999E-55
1.288659E-27
2.929400E-28
3.518496E-41
6.905170E-42
2.931314E-48
8.761192E-49
6.518289E-48
1.899257E-48
4.718859E-32
1.106744E-32
2.188382E-32
6.583717E-33
3.584060E-15
1.034642E-15
1.280737E-12
3.508281E-13
1.776712E-27
3.830914E-28
3.672319E-31
1.050332E-31
8.708487E-47
2.578854E-47
8.835553E-31
2.565674E-31
3.899939E-16
1.120695E-16
2.776088E-15
7.763931E-16
8.480236E-32
2.158336E-32
0.000000E+00
0.000000E+00
4.547319E-01
1.364196E-01
8.941239E-17
1.945136E-17
3.700526E-30
7.889433E-31
0.000000E+00
];
A = zeros(63, 63);
A(   3,    3) = -3.639574868151286802640561470517E-14;
A(   4,    3) = 2.999999999999999888977697537484E-02;
A(   5,    3) = 3.639574868151286802640561470517E-14;
A(   4,    4) = -1.851794920064294336072645530003E-14;
A(   6,    4) = 1.851794920064294336072645530003E-14;
A(   3,    5) = 1.826821778572834343181929744612E-13;
A(   5,    5) = -1.830504056491437526042011749523E-13;
A(   6,    5) = 2.999999999999999888977697537484E-02;
A(   7,    5) = 3.682277918603290342380341273277E-16;
A(   4,    6) = 1.570516016997800615879175071888E-13;
A(   6,    6) = -1.573350501952345761990629404267E-13;
A(   8,    6) = 2.834484954545143646264003563475E-16;
A(   5,    7) = 5.410555154967803024916168582259E-16;
A(   7,    7) = -1.782834188251710954844695624798E-09;
A(   8,    7) = 2.999999999999999888977697537484E-02;
A(   9,    7) = 1.782833647196195482020225280093E-09;
A(   6,    8) = 5.013130114265045758189353797212E-16;
A(   8,    8) = -1.782834148509206931466651159892E-09;
A(  10,    8) = 1.782833647196195482020225280093E-09;
A(   3,    9) = 5.906111085335270325546240471968E-10;
A(   5,    9) = 1.765208602204226919627614454325E-13;
A(   7,    9) = 5.906111085335270325546240471968E-10;
A(   9,    9) = -5.906993724888386283920776031878E-10;
A(  10,    9) = 2.999999999999999888977697537484E-02;
A(  11,    9) = 3.525201374705212763602347458340E-18;
A(   4,   10) = 3.039087458565446258768363616107E-10;
A(   6,   10) = 1.544675297394716052963538946131E-13;
A(   8,   10) = 3.039087458565446258768363616107E-10;
A(  10,   10) = -3.039859814402238435484586868892E-10;
A(  12,   10) = 1.818809465065931799820442216928E-18;
A(  12,   11) = 2.999999999999999888977697537484E-02;
A(  13,   13) = -8.592378586338786927711907992489E-01;
A(  14,   13) = 2.999999999999999888977697537484E-02;
A(  15,   13) = 8.592378586338786927711907992489E-01;
A(  14,   14) = -8.592378586338786927711907992489E-01;
A(  16,   14) = 8.592378586338786927711907992489E-01;
A(   3,   15) = 1.882902714731886909800085103228E-13;
A(   7,   15) = 1.242450757117881847090878248365E-10;
A(  11,   15) = 1.242889008813832794203377702231E-10;
A(  13,   15) = 1.444651018780877698170172239112E-13;
A(  15,   15) = -1.244379834097073308141421721986E-10;
A(  16,   15) = 2.999999999999999888977697537484E-02;
A(  17,   15) = 4.617426445952742440058132897429E-15;
A(   4,   16) = 1.577767283914983321974528591903E-13;
A(   8,   16) = 6.798113708960254124991119791601E-11;
A(  12,   16) = 6.801979874000452709890450884474E-11;
A(  14,   16) = 1.191150779895081160701706269367E-13;
A(  16,   16) = -6.814137260793365158548219569164E-11;
A(  18,   16) = 2.458789939609495584727218844400E-15;
A(   3,   17) = 8.444599635765750559270875678472E-20;
A(   5,   17) = 3.068205146951157421171285710958E-16;
A(  11,   17) = 1.465476655371614339185534306407E-16;
A(  13,   17) = 1.603572951543119910181095557516E-16;
A(  15,   17) = 1.325967249672960386878616727567E-15;
A(  17,   17) = -6.878842178038305639358384076627E-15;
A(  18,   17) = 2.999999999999999888977697537484E-02;
A(  19,   17) = 5.245969967673871975454524091608E-15;
A(   4,   18) = 5.759400012463324857836109678798E-20;
A(   6,   18) = 3.448449603291089169956872278979E-16;
A(  12,   18) = 1.700549136812296701306806676282E-16;
A(  14,   18) = 1.748476406480039009738136315108E-16;
A(  16,   18) = 1.324874022154221592973025928983E-15;
A(  18,   18) = -4.379586928388469580285857023088E-15;
A(  20,   18) = 2.709810351905014366904530218652E-15;
A(  11,   19) = 1.650546923586022174390564032365E+00;
A(  19,   19) = -8.252734617930110871952820161823E-01;
A(  20,   19) = 2.999999999999999888977697537484E-02;
A(  12,   20) = 1.650546923586022174390564032365E+00;
A(  20,   20) = -8.252734617930110871952820161823E-01;
A(  21,   21) = -3.887533261693494335276000128943E+00;
A(  22,   21) = 2.999999999999999888977697537484E-02;
A(  23,   21) = 1.974866896940295157847344853508E+00;
A(  25,   21) = 1.912666364753199177428655275435E+00;
A(  22,   22) = -3.887533261693494335276000128943E+00;
A(  24,   22) = 1.974866896940295157847344853508E+00;
A(  26,   22) = 1.912666364753199177428655275435E+00;
A(  11,   23) = 1.694462948668307800000000000000E+16;
A(  23,   23) = -8.472314743341539000000000000000E+15;
A(  24,   23) = 2.999999999999999888977697537484E-02;
A(  12,   24) = 1.694462948668307800000000000000E+16;
A(  24,   24) = -8.472314743341539000000000000000E+15;
A(   7,   25) = 5.760003408220247455823333567819E-17;
A(  11,   25) = 1.314570821847753417309673488472E-12;
A(  13,   25) = 1.314570821847753417309673488472E-12;
A(  17,   25) = 5.760003408220247455823333567819E-17;
A(  23,   25) = 4.055290144832684568878330939105E-12;
A(  25,   25) = -5.376499010181385073109802725890E-12;
A(  26,   25) = 2.999999999999999888977697537484E-02;
A(  27,   25) = 6.580443466864496672801342273189E-15;
A(   8,   26) = 9.528749314852826852966439329796E-17;
A(  12,   26) = 1.080464053721583660103518415647E-12;
A(  14,   26) = 1.080464053721583660103518415647E-12;
A(  18,   26) = 9.528749314852826852966439329796E-17;
A(  24,   26) = 3.369371632172783933498107052962E-12;
A(  26,   26) = -4.454777198267368148792954632719E-12;
A(  28,   26) = 4.846224879852124864811263562476E-15;
A(  27,   27) = -1.454605546809151233500747536428E-14;
A(  28,   27) = 2.999999999999999888977697537484E-02;
A(  31,   27) = 1.454605546809151233500747536428E-14;
A(  28,   28) = -1.454605546809151233500747536428E-14;
A(  32,   28) = 1.454605546809151233500747536428E-14;
A(  11,   29) = 1.555942259041162047117357047910E-03;
A(  17,   29) = 1.555942259041162047117357047910E-03;
A(  29,   29) = -5.019168577552135523944798478624E-02;
A(  30,   29) = 2.999999999999999888977697537484E-02;
A(  33,   29) = 4.863574351648019405969236572673E-02;
A(  12,   30) = 1.555942259041162047117357047910E-03;
A(  18,   30) = 1.555942259041162047117357047910E-03;
A(  30,   30) = -5.019168577552135523944798478624E-02;
A(  34,   30) = 4.863574351648019405969236572673E-02;
A(   3,   31) = 3.626688863759819820390048907004E-13;
A(   5,   31) = 3.774967734488715875879579720530E-14;
A(   7,   31) = 1.536703765877423532348792089527E-12;
A(  11,   31) = 4.317383342732278711607422566686E-10;
A(  17,   31) = 4.286649267414730265194253733285E-10;
