t = 5.000000000000000000000000000000E+00;
N0 = [
0.000000E+00
0.000000E+00
5.189294E-01
4.670364E-01
6.726370E-14
1.391773E-13
2.696472E-29
1.208281E-28
4.171701E-37
1.466729E-36
2.068191E-13
1.384169E+00
3.644654E-41
2.158665E-40
5.056353E-40
1.680023E-39
7.245371E-44
2.677171E-43
1.325038E-48
1.610580E-47
1.981438E-73
4.145409E-47
1.207735E-56
7.863575E-56
3.091419E-28
7.130534E-28
3.026306E-42
1.113658E-41
1.205916E-49
1.646412E-48
3.449626E-49
5.345965E-48
5.282913E-33
3.831898E-32
6.035409E-34
2.353911E-33
7.896498E-16
1.240257E-15
2.060294E-13
3.343315E-13
8.108080E-29
3.456187E-28
1.366516E-32
4.320819E-32
2.785968E-48
1.946692E-47
7.364980E-32
2.663580E-31
8.458646E-17
1.475182E-16
2.827434E-16
4.435465E-16
3.570479E-33
2.122605E-32
0.000000E+00
0.000000E+00
2.594647E-01
2.335182E-01
1.992787E-17
4.106729E-17
1.756634E-31
7.605289E-31
1.000000E+00
];
N1 = [
0.000000E+00
0.000000E+00
5.189294E-01
5.448759E-01
8.798214E-14
2.189676E-13
4.086901E-29
2.222479E-28
7.167545E-37
3.045692E-36
2.372851E-13
1.384169E+00
3.944239E-41
2.931468E-40
6.700520E-40
2.866692E-39
7.245970E-44
3.405075E-43
9.414012E-49
1.520560E-47
7.166498E-82
5.979156E-48
1.244531E-56
9.842738E-56
3.240230E-28
9.301749E-28
4.046026E-42
1.970637E-41
9.382690E-50
2.007990E-48
3.449629E-49
8.363250E-48
5.282913E-33
4.961025E-32
3.791845E-34
1.408938E-33
8.196516E-16
1.512441E-15
2.364654E-13
4.479740E-13
1.174197E-28
5.969372E-28
9.122472E-33
3.018331E-32
2.792258E-48
2.693224E-47
7.364980E-32
3.432742E-31
8.528466E-17
1.784806E-16
2.842119E-16
4.333959E-16
2.960713E-33
1.957696E-32
0.000000E+00
0.000000E+00
2.594647E-01
2.724379E-01
2.599453E-17
6.441812E-17
2.580298E-31
1.340091E-30
0.000000E+00
];
A = zeros(63, 63);
A(   3,    3) = -7.984801059205062998579724298849E-15;
A(   4,    3) = 2.999999999999999888977697537484E-02;
A(   5,    3) = 7.984801059205062998579724298849E-15;
A(   4,    4) = -2.693134716466266868418561415690E-14;
A(   6,    4) = 2.693134716466266868418561415690E-14;
A(   3,    5) = 1.464184405194512170405354686488E-14;
A(   5,    5) = -1.467765993728295987643738090104E-14;
A(   6,    5) = 2.999999999999999888977697537484E-02;
A(   7,    5) = 3.581588533783669326963674675701E-17;
A(   4,    6) = 4.089100104493683614784152708411E-14;
A(   6,    6) = -4.099930860336367161083320170527E-14;
A(   8,    6) = 1.083075584268331826906204666732E-16;
A(   5,    7) = 4.803674582428243072316201637460E-17;
A(   7,    7) = -1.782833695232941250682822263338E-09;
A(   8,    7) = 2.999999999999999888977697537484E-02;
A(   9,    7) = 1.782833647196195482020225280093E-09;
A(   6,    8) = 9.358732106959596396247223917616E-17;
A(   8,    8) = -1.782833740783516485773642617357E-09;
A(  10,    8) = 1.782833647196195482020225280093E-09;
A(   3,    9) = 1.282191704042098422690316928736E-10;
A(   5,    9) = 1.401899183081532709791313661376E-14;
A(   7,    9) = 1.282191704042098422690316928736E-10;
A(   9,    9) = -1.282261806559076689781033122636E-10;
A(  10,    9) = 2.999999999999999888977697537484E-02;
A(  11,    9) = 7.557824030447905661125962712174E-19;
A(   4,   10) = 4.322728246553117379770331611644E-10;
A(   6,   10) = 3.958342128151715894878878628829E-14;
A(   8,   10) = 4.322728246553117379770331611644E-10;
A(  10,   10) = -4.322926189110263405724685150012E-10;
A(  12,   10) = 2.545073875382229575671615464134E-18;
A(  12,   11) = 2.999999999999999888977697537484E-02;
A(  13,   13) = -8.592378586338786927711907992489E-01;
A(  14,   13) = 2.999999999999999888977697537484E-02;
A(  15,   13) = 8.592378586338786927711907992489E-01;
A(  14,   14) = -8.592378586338786927711907992489E-01;
A(  16,   14) = 8.592378586338786927711907992489E-01;
A(   3,   15) = 1.491336790016868289246607548289E-14;
A(   7,   15) = 2.436462589557538688197027881458E-11;
A(  11,   15) = 2.436823329479942193187609577155E-11;
A(  13,   15) = 1.130596867613379233655197315242E-14;
A(  15,   15) = -2.438049536909033405081760616546E-11;
A(  16,   15) = 2.999999999999999888977697537484E-02;
A(  17,   15) = 9.561056147791748276467596499170E-16;
A(   4,   16) = 4.188707749215630976983652874749E-14;
A(   8,   16) = 8.160762244503331576366636300780E-11;
A(  12,   16) = 8.161745832002365932689881641187E-11;
A(  14,   16) = 3.205120250181015907361399975680E-14;
A(  16,   16) = -8.165271973101092370185706387944E-11;
A(  18,   16) = 3.210208485447882909286353528526E-15;
A(   5,   17) = 1.844986040783015817917271721855E-17;
A(  11,   17) = 7.721769587946863935494088606644E-18;
A(  13,   17) = 1.072809081988329424367862861190E-17;
A(  15,   17) = 1.076226821726548301521452980248E-16;
A(  17,   17) = -1.239587586465725190394091798816E-15;
A(  18,   17) = 2.999999999999999888977697537484E-02;
A(  19,   17) = 1.113515043885240245203604537847E-15;
A(   4,   18) = 9.116741189725212438840292694979E-20;
A(   6,   18) = 4.584171301015448245447823695258E-17;
A(  12,   18) = 2.170241907506462425625591598403E-17;
A(  14,   18) = 2.423046134698710630223196498714E-17;
A(  16,   18) = 1.926396599134839950877766313655E-16;
A(  18,   18) = -3.984799547285368369043273038447E-15;
A(  20,   18) = 3.746227006949832905323480962775E-15;
A(  11,   19) = 1.650546923586022174390564032365E+00;
A(  19,   19) = -8.252734617930110871952820161823E-01;
A(  20,   19) = 2.999999999999999888977697537484E-02;
A(  12,   20) = 1.650546923586022174390564032365E+00;
A(  20,   20) = -8.252734617930110871952820161823E-01;
A(  21,   21) = -3.887533261693494335276000128943E+00;
A(  22,   21) = 2.999999999999999888977697537484E-02;
A(  23,   21) = 1.974866896940295157847344853508E+00;
A(  25,   21) = 1.912666364753199177428655275435E+00;
A(  22,   22) = -3.887533261693494335276000128943E+00;
A(  24,   22) = 1.974866896940295157847344853508E+00;
A(  26,   22) = 1.912666364753199177428655275435E+00;
A(  11,   23) = 1.694462948668307800000000000000E+16;
A(  23,   23) = -8.472314743341539000000000000000E+15;
A(  24,   23) = 2.999999999999999888977697537484E-02;
A(  12,   24) = 1.694462948668307800000000000000E+16;
A(  24,   24) = -8.472314743341539000000000000000E+15;
A(  11,   25) = 1.057777883989170506936771425156E-13;
A(  13,   25) = 1.057777883989170506936771425156E-13;
A(  23,   25) = 3.254107179511814585197130516955E-13;
A(  25,   25) = -4.318328053460319375774624289674E-13;
A(  26,   25) = 2.999999999999999888977697537484E-02;
A(  27,   25) = 6.442989959334435496446602607190E-16;
A(   4,   26) = 2.531263451219159387804505477161E-20;
A(   8,   26) = 1.508960211339812572138234143897E-17;
A(  12,   26) = 2.857500094985434175272509473755E-13;
A(  14,   26) = 2.857500094985434175272509473755E-13;
A(  18,   26) = 1.508960211339812572138234143897E-17;
A(  22,   26) = 2.531263451219159387804505477161E-20;
A(  24,   26) = 8.965063911758549515962563663814E-13;
A(  26,   26) = -1.184234819890804898309333409138E-12;
A(  28,   26) = 1.963304301658664646454267541480E-15;
A(  27,   27) = -1.454605546809151233500747536428E-14;
A(  28,   27) = 2.999999999999999888977697537484E-02;
A(  31,   27) = 1.454605546809151233500747536428E-14;
A(  28,   28) = -1.454605546809151233500747536428E-14;
A(  32,   28) = 1.454605546809151233500747536428E-14;
A(  11,   29) = 1.555942259041162047117357047910E-03;
A(  17,   29) = 1.555942259041162047117357047910E-03;
A(  29,   29) = -5.019168577552135523944798478624E-02;
A(  30,   29) = 2.999999999999999888977697537484E-02;
A(  33,   29) = 4.863574351648019405969236572673E-02;
A(  12,   30) = 1.555942259041162047117357047910E-03;
A(  18,   30) = 1.555942259041162047117357047910E-03;
A(  30,   30) = -5.019168577552135523944798478624E-02;
A(  34,   30) = 4.863574351648019405969236572673E-02;
A(   3,   31) = 2.881166592513082290166110016852E-14;
A(   5,   31) = 3.131898652012006419673503275005E-15;
A(   7,   31) = 1.202174193134203780920545916452E-13;
A(  11,   31) = 9.320640817997536115821410207476E-11;
A(  17,   31) = 9.296597334134852469343331729377E-11;
A(  25,   31) = 3.131898652012006419673503275005E-15;
