t = 5.000000000000000000000000000000E+00;
N0 = [
0.000000E+00
0.000000E+00
5.189294E-01
3.891970E-01
4.937149E-14
8.113711E-14
1.695026E-29
6.011489E-29
2.237184E-37
6.371044E-37
1.729117E-13
1.384169E+00
3.685440E-41
1.134058E-40
3.506176E-40
9.419983E-40
6.253746E-44
1.159189E-43
1.889481E-48
4.989054E-48
5.478403E-65
1.492906E-64
1.223655E-56
3.856537E-56
2.956926E-28
3.403748E-28
2.087301E-42
5.790417E-42
1.417932E-49
4.767575E-49
3.449625E-49
1.414349E-48
5.280084E-33
9.681082E-33
8.052597E-34
1.451864E-33
7.055314E-16
7.450302E-16
1.722061E-13
2.360569E-13
5.359083E-29
1.841645E-28
1.485125E-32
2.380371E-32
2.281917E-48
5.672165E-48
6.615501E-32
1.077708E-31
7.892403E-17
8.632240E-17
3.542055E-16
3.305507E-16
3.312506E-33
9.808765E-33
0.000000E+00
0.000000E+00
2.594647E-01
1.945985E-01
1.467716E-17
2.405093E-17
1.143126E-31
3.971243E-31
1.000000E+00
];
N1 = [
0.000000E+00
0.000000E+00
5.189294E-01
4.670364E-01
6.726370E-14
1.391773E-13
2.696472E-29
1.208281E-28
4.171701E-37
1.466729E-36
2.068191E-13
1.384169E+00
3.644654E-41
2.158665E-40
5.056353E-40
1.680023E-39
7.245371E-44
2.677171E-43
1.325038E-48
1.610580E-47
1.981438E-73
4.145409E-47
1.207735E-56
7.863575E-56
3.091419E-28
7.130534E-28
3.026306E-42
1.113658E-41
1.205916E-49
1.646412E-48
3.449626E-49
5.345965E-48
5.282913E-33
3.831898E-32
6.035409E-34
2.353911E-33
7.896498E-16
1.240257E-15
2.060294E-13
3.343315E-13
8.108080E-29
3.456187E-28
1.366516E-32
4.320819E-32
2.785968E-48
1.946692E-47
7.364980E-32
2.663580E-31
8.458646E-17
1.475182E-16
2.827434E-16
4.435465E-16
3.570479E-33
2.122605E-32
0.000000E+00
0.000000E+00
2.594647E-01
2.335182E-01
1.992787E-17
4.106729E-17
1.756634E-31
7.605289E-31
0.000000E+00
];
A = zeros(63, 63);
A(   3,    3) = -6.893637135333263221322532989613E-15;
A(   4,    3) = 2.999999999999999888977697537484E-02;
A(   5,    3) = 6.893637135333263221322532989613E-15;
A(   4,    4) = -2.300696173090907139072633090958E-14;
A(   6,    4) = 2.300696173090907139072633090958E-14;
A(   3,    5) = 1.570786462434936839693327714081E-14;
A(   5,    5) = -1.574218318895793442809293661969E-14;
A(   6,    5) = 2.999999999999999888977697537484E-02;
A(   7,    5) = 3.431856460856743631814690380459E-17;
A(   4,    6) = 4.373483611919413798089152010729E-14;
A(   6,    6) = -4.384000872962779258419220965607E-14;
A(   8,    6) = 1.051726104336564521934361605287E-16;
A(   5,    7) = 6.065819255320227199648772789356E-17;
A(   7,    7) = -1.782833707854388118997651866402E-09;
A(   8,    7) = 2.999999999999999888977697537484E-02;
A(   9,    7) = 1.782833647196195482020225280093E-09;
A(   6,    8) = 1.417062297952990039096456209311E-16;
A(   8,    8) = -1.782833788902425277500519286520E-09;
A(  10,    8) = 1.782833647196195482020225280093E-09;
A(   3,    9) = 1.107759477111372771342963509852E-10;
A(   5,    9) = 1.507829183040066598789526587833E-14;
A(   7,    9) = 1.107759477111372771342963509852E-10;
A(   9,    9) = -1.107834875111786782427320241959E-10;
A(  10,    9) = 2.999999999999999888977697537484E-02;
A(  11,    9) = 6.541262004715909360362143974505E-19;
A(   4,   10) = 3.696176451928308094793781707099E-10;
A(   6,   10) = 4.303790336791443720585778196433E-14;
A(   8,   10) = 3.696176451928308094793781707099E-10;
A(  10,   10) = -3.696391663240049133760769946809E-10;
A(  12,   10) = 2.179490187972990205206968922537E-18;
A(  12,   11) = 2.999999999999999888977697537484E-02;
A(  13,   13) = -8.592378586338786927711907992489E-01;
A(  14,   13) = 2.999999999999999888977697537484E-02;
A(  15,   13) = 8.592378586338786927711907992489E-01;
A(  14,   14) = -8.592378586338786927711907992489E-01;
A(  16,   14) = 8.592378586338786927711907992489E-01;
A(   3,   15) = 1.563350860813122297821864590554E-14;
A(   7,   15) = 2.135532789936495353432727326836E-11;
A(  11,   15) = 2.135920018460767919284597566700E-11;
A(  13,   15) = 1.176122336540577587423884649725E-14;
A(  15,   15) = -2.137179139780154755605950314108E-11;
A(  16,   15) = 2.999999999999999888977697537484E-02;
A(  17,   15) = 8.299898284621860063030963961238E-16;
A(   4,   16) = 4.397113016165411453287841852927E-14;
A(   8,   16) = 7.057027757702332688292795480529E-11;
A(  12,   16) = 7.058108759579158730096929190244E-11;
A(  14,   16) = 3.316111139339673833919185359953E-14;
A(  16,   16) = -7.061700739273931426472471249584E-11;
A(  18,   16) = 2.758685554333340233513004961079E-15;
A(   5,   17) = 3.791837536679100199953359051313E-17;
A(  11,   17) = 1.765324735760751751298818376065E-17;
A(  13,   17) = 2.026512800918348140505749573290E-17;
A(  15,   17) = 1.619490523466978960605981501890E-16;
A(  17,   17) = -1.164805298129009826483596616732E-15;
A(  18,   17) = 2.999999999999999888977697537484E-02;
A(  19,   17) = 9.649378704155210886608362490484E-16;
A(   4,   18) = 4.047633832128233950910795854622E-19;
A(   6,   18) = 1.237017095448900768606512863291E-16;
A(  12,   18) = 6.962187697000008327457090823686E-17;
A(  14,   18) = 5.448459595810282015895586591661E-17;
A(  16,   18) = 3.462426531475329215317753654160E-16;
A(  18,   18) = -3.682063618805177723267996047697E-15;
A(  20,   18) = 3.211714492729541423753555611113E-15;
A(  11,   19) = 1.650546923586022174390564032365E+00;
A(  19,   19) = -8.252734617930110871952820161823E-01;
A(  20,   19) = 2.999999999999999888977697537484E-02;
A(  12,   20) = 1.650546923586022174390564032365E+00;
A(  20,   20) = -8.252734617930110871952820161823E-01;
A(  21,   21) = -3.887533261693494335276000128943E+00;
A(  22,   21) = 2.999999999999999888977697537484E-02;
A(  23,   21) = 1.974866896940295157847344853508E+00;
A(  25,   21) = 1.912666364753199177428655275435E+00;
A(  22,   22) = -3.887533261693494335276000128943E+00;
A(  24,   22) = 1.974866896940295157847344853508E+00;
A(  26,   22) = 1.912666364753199177428655275435E+00;
A(  11,   23) = 1.694462948668307800000000000000E+16;
A(  23,   23) = -8.472314743341539000000000000000E+15;
A(  24,   23) = 2.999999999999999888977697537484E-02;
A(  12,   24) = 1.694462948668307800000000000000E+16;
A(  24,   24) = -8.472314743341539000000000000000E+15;
A(   7,   25) = 6.551021757593062597757737515427E-18;
A(  11,   25) = 1.022920646961209715804514802530E-13;
A(  13,   25) = 1.022920646961209715804514802530E-13;
A(  17,   25) = 6.551021757593062597757737515427E-18;
A(  23,   25) = 3.309908809329823133786225431238E-13;
A(  25,   25) = -4.339107549767996513303132454919E-13;
A(  26,   25) = 2.999999999999999888977697537484E-02;
A(  27,   25) = 6.212583259388104136077729421572E-16;
A(   4,   26) = 2.328520616242572958995984815530E-19;
A(   8,   26) = 5.438043999774859988129730451267E-17;
A(  12,   26) = 2.963170558905814012795224912731E-13;
A(  14,   26) = 2.963170558905814012795224912731E-13;
A(  18,   26) = 5.438043999774859988129730451267E-17;
A(  22,   26) = 2.328520616242572958995984815530E-19;
A(  24,   26) = 9.343293766455705740741128843540E-13;
A(  26,   26) = -1.232608890689621871041115222503E-12;
A(  28,   26) = 1.907844861410468869838209374638E-15;
A(  27,   27) = -1.454605546809151233500747536428E-14;
A(  28,   27) = 2.999999999999999888977697537484E-02;
A(  31,   27) = 1.454605546809151233500747536428E-14;
A(  28,   28) = -1.454605546809151233500747536428E-14;
A(  32,   28) = 1.454605546809151233500747536428E-14;
A(  11,   29) = 1.555942259041162047117357047910E-03;
A(  17,   29) = 1.555942259041162047117357047910E-03;
A(  29,   29) = -5.019168577552135523944798478624E-02;
A(  30,   29) = 2.999999999999999888977697537484E-02;
A(  33,   29) = 4.863574351648019405969236572673E-02;
A(  12,   30) = 1.555942259041162047117357047910E-03;
A(  18,   30) = 1.555942259041162047117357047910E-03;
A(  30,   30) = -5.019168577552135523944798478624E-02;
A(  34,   30) = 4.863574351648019405969236572673E-02;
A(   3,   31) = 2.857746901825310961054529873160E-14;
A(   5,   31) = 3.240316932118985236091751569574E-15;
A(   7,   31) = 1.231866627356925494228903909994E-13;
A(  11,   31) = 8.060739024996330441135726646449E-11;
