t = 5.000000000000000000000000000000E+00;
N0 = [
0.000000E+00
0.000000E+00
9.094639E-01
6.820979E-01
1.154628E-12
6.149256E-13
2.607792E-23
7.877752E-21
4.951463E-31
1.026656E-28
3.128142E-12
7.522659E-01
2.473875E-36
4.700423E-32
1.603569E-35
2.528346E-31
6.306672E-38
4.513367E-35
2.566537E-45
3.822060E-39
4.534474E-43
8.680882E-39
8.717359E-52
1.476722E-47
1.979287E-24
4.021262E-20
1.073999E-37
1.564061E-33
2.228089E-46
2.354893E-46
8.040745E-46
1.117729E-45
1.412676E-30
2.048469E-30
7.489685E-32
4.444368E-32
1.033083E-14
7.469818E-15
3.117812E-12
2.121180E-12
1.375965E-26
7.468744E-27
1.312189E-30
8.945350E-31
1.026587E-38
1.836874E-36
2.607337E-23
7.877750E-21
1.188774E-15
8.514298E-16
3.785307E-15
2.961209E-15
6.098272E-31
3.147267E-31
0.000000E+00
8.639823E-20
4.547319E-01
3.410490E-01
3.420490E-16
1.831868E-16
2.977005E-29
1.579367E-29
1.000000E+00
];
N1 = [
0.000000E+00
0.000000E+00
9.094639E-01
8.185175E-01
1.593570E-12
1.018747E-12
1.254539E-22
7.889118E-21
1.170535E-30
1.730427E-28
3.710565E-12
7.522659E-01
6.600043E-35
4.632780E-32
1.405869E-34
4.525015E-31
1.912419E-37
7.594406E-35
5.934397E-45
6.169768E-41
2.091745E-41
9.948104E-40
2.703204E-50
1.443979E-47
6.264952E-23
4.021746E-20
1.351897E-36
2.695058E-33
5.199657E-46
5.174499E-46
2.076569E-45
2.259245E-45
3.131047E-30
2.716005E-30
1.019693E-31
5.869067E-32
1.310770E-14
1.075098E-14
3.697457E-12
3.017509E-12
2.131179E-26
1.391968E-26
1.892316E-30
1.303352E-30
2.729598E-38
3.074464E-36
1.254464E-22
7.889114E-21
1.514380E-15
1.230033E-15
4.288717E-15
3.636517E-15
9.834504E-31
5.223853E-31
0.000000E+00
8.398307E-20
4.547319E-01
4.092587E-01
4.704361E-16
3.022794E-16
4.690889E-29
2.980310E-29
0.000000E+00
];
A = zeros(63, 63);
A(   3,    3) = -9.646554411310133454913606414436E-14;
A(   4,    3) = 2.999999999999999888977697537484E-02;
A(   5,    3) = 9.646554411310133454913606414436E-14;
A(   4,    4) = -5.265546083962631634224682462011E-14;
A(   6,    4) = 5.265546083962631634224682462011E-14;
A(   3,    5) = 1.699264064082580530999296749014E-13;
A(   5,    5) = -1.703505146183163941262728539644E-13;
A(   6,    5) = 2.999999999999999888977697537484E-02;
A(   7,    5) = 4.241082100583531550795968360741E-16;
A(   4,    6) = 1.373611242082122824957014186692E-13;
A(   6,    6) = -1.376780283243682462630343751452E-13;
A(   8,    6) = 3.169041161559696344859390572257E-16;
A(   5,    7) = 5.702163745673846232620138958565E-16;
A(   7,    7) = -1.782834217412570064659840727271E-09;
A(   8,    7) = 2.999999999999999888977697537484E-02;
A(   9,    7) = 1.782833647196195482020225280093E-09;
A(   6,    8) = 4.226670996163823677614364867042E-16;
A(   8,    8) = -1.782834069863295033987416268609E-09;
A(  10,    8) = 1.782833647196195482020225280093E-09;
A(   3,    9) = 1.549428706652119787975468776897E-09;
A(   5,    9) = 1.658709632861412705705518122054E-13;
A(   7,    9) = 1.549428706652119787975468776897E-09;
A(   9,    9) = -1.549511651265864545643273816184E-09;
A(  10,    9) = 2.999999999999999888977697537484E-02;
A(  11,    9) = 9.132101684370014059902781137248E-18;
A(   4,   10) = 8.487850980440123395911259090042E-10;
A(   6,   10) = 1.327538583115130828409541483672E-13;
A(   8,   10) = 8.487850980440123395911259090042E-10;
A(  10,   10) = -8.488514799858955327747474920211E-10;
A(  12,   10) = 5.012727387038297666439093231771E-18;
A(  12,   11) = 2.999999999999999888977697537484E-02;
A(  13,   13) = -8.592378586338786927711907992489E-01;
A(  14,   13) = 2.999999999999999888977697537484E-02;
A(  15,   13) = 8.592378586338786927711907992489E-01;
A(  14,   14) = -8.592378586338786927711907992489E-01;
A(  16,   14) = 8.592378586338786927711907992489E-01;
A(   3,   15) = 1.714355741315292411968387715677E-13;
A(   7,   15) = 2.954200435071346155669682520724E-10;
A(  11,   15) = 2.954618294515249343905627212519E-10;
A(  13,   15) = 1.296496297411931005277781803385E-13;
A(  15,   15) = -2.956030250714396866228993762497E-10;
A(  16,   15) = 2.999999999999999888977697537484E-02;
A(  17,   15) = 1.154599017352025516574571555737E-14;
A(   4,   16) = 1.410267128687630406414155440765E-13;
A(   8,   16) = 1.660078292269941388169233807587E-10;
A(  12,   16) = 1.660410409967034292489056653946E-10;
A(  14,   16) = 1.078149431594721290317005337750E-13;
A(  16,   16) = -1.661552612171755936540207786845E-10;
A(  18,   16) = 6.405277312703668812605957985469E-15;
A(   3,   17) = 2.162012531418724974019601430060E-18;
A(   5,   17) = 4.360309166848163246646714090352E-16;
A(  11,   17) = 2.297252524482545747424848816102E-16;
A(  13,   17) = 2.084676767679804302146314190712E-16;
A(  15,   17) = 1.446634579526875312274649143399E-15;
A(  17,   17) = -1.534001399188091244360391291526E-14;
A(  18,   17) = 2.999999999999999888977697537484E-02;
A(  19,   17) = 1.345518648313780220032785733565E-14;
A(   4,   18) = 2.880154917927313657351077546707E-19;
A(   6,   18) = 3.332800634002015248518706234391E-16;
A(  12,   18) = 1.815608421412102654018971564010E-16;
A(  14,   18) = 1.520072367507839980379458662450E-16;
A(  16,   18) = 1.075077282174834497239645698379E-15;
A(  18,   18) = -8.804576512975445104519876423451E-15;
A(  20,   18) = 7.395931151908616664315130448462E-15;
A(  11,   19) = 1.650546923586022174390564032365E+00;
A(  19,   19) = -8.252734617930110871952820161823E-01;
A(  20,   19) = 2.999999999999999888977697537484E-02;
A(  12,   20) = 1.650546923586022174390564032365E+00;
A(  20,   20) = -8.252734617930110871952820161823E-01;
A(  21,   21) = -3.887533261693494335276000128943E+00;
A(  22,   21) = 2.999999999999999888977697537484E-02;
A(  23,   21) = 1.974866896940295157847344853508E+00;
A(  25,   21) = 1.912666364753199177428655275435E+00;
A(  22,   22) = -3.887533261693494335276000128943E+00;
A(  24,   22) = 1.974866896940295157847344853508E+00;
A(  26,   22) = 1.912666364753199177428655275435E+00;
A(  11,   23) = 1.694462948668307800000000000000E+16;
A(  23,   23) = -8.472314743341539000000000000000E+15;
A(  24,   23) = 2.999999999999999888977697537484E-02;
A(  12,   24) = 1.694462948668307800000000000000E+16;
A(  24,   24) = -8.472314743341539000000000000000E+15;
A(   3,   25) = 1.366028676254482775294001083973E-18;
A(   7,   25) = 1.608171903879009090812468387802E-16;
A(  11,   25) = 1.164050667741349829984345850098E-12;
A(  13,   25) = 1.164050667741349829984345850098E-12;
A(  17,   25) = 1.608171903879009090812468387802E-16;
A(  21,   25) = 1.366028676254482775294001083973E-18;
A(  23,   25) = 3.655636563392745577564834308728E-12;
A(  25,   25) = -4.827551853391580078774182239554E-12;
A(  26,   25) = 2.999999999999999888977697537484E-02;
A(  27,   25) = 7.702439038419940753545633769878E-15;
A(   4,   26) = 9.614748053523159538043501247061E-20;
A(   8,   26) = 1.166859086189950043511893325351E-16;
A(  12,   26) = 9.895886002671020185160477473461E-13;
A(  14,   26) = 9.895886002671020185160477473461E-13;
A(  18,   26) = 1.166859086189950043511893325351E-16;
A(  22,   26) = 9.614748053523159538043501247061E-20;
A(  24,   26) = 3.041923941299483980427040572051E-12;
A(  26,   26) = -4.037253775084147195782686072890E-12;
A(  28,   26) = 5.624451461461363887812158386429E-15;
A(  27,   27) = -1.454605546809151233500747536428E-14;
A(  28,   27) = 2.999999999999999888977697537484E-02;
A(  31,   27) = 1.454605546809151233500747536428E-14;
A(  28,   28) = -1.454605546809151233500747536428E-14;
A(  32,   28) = 1.454605546809151233500747536428E-14;
A(  11,   29) = 1.555942259041162047117357047910E-03;
A(  17,   29) = 1.555942259041162047117357047910E-03;
A(  29,   29) = -5.019168577552135523944798478624E-02;
A(  30,   29) = 2.999999999999999888977697537484E-02;
A(  33,   29) = 4.863574351648019405969236572673E-02;
A(  12,   30) = 1.555942259041162047117357047910E-03;
A(  18,   30) = 1.555942259041162047117357047910E-03;
A(  30,   30) = -5.019168577552135523944798478624E-02;
A(  34,   30) = 4.863574351648019405969236572673E-02;
A(   3,   31) = 3.229929880573344734330128088842E-13;
