t = 5.000000000000000000000000000000E+00;
N0 = [
0.000000E+00
0.000000E+00
5.189294E-01
6.227153E-01
1.142702E-13
3.225124E-13
5.964574E-29
3.783011E-28
1.161131E-36
5.816630E-36
2.627038E-13
1.384169E+00
3.688870E-41
4.334397E-40
8.294364E-40
4.486511E-39
7.245976E-44
6.800308E-43
3.888248E-49
3.893441E-47
2.591991E-90
8.482238E-47
1.150191E-56
1.506798E-55
3.352301E-28
1.510313E-27
5.149971E-42
3.255528E-41
7.300246E-50
6.071335E-48
3.449632E-49
2.648508E-47
5.282913E-33
1.101597E-31
8.731822E-35
3.319393E-33
8.196775E-16
2.174889E-15
2.618842E-13
5.745645E-13
1.609502E-28
9.593098E-28
2.297638E-33
6.017497E-32
2.776120E-48
6.762332E-47
7.364980E-32
6.645258E-31
8.528466E-17
2.638535E-16
1.747999E-16
5.392661E-16
1.606977E-33
4.707292E-32
0.000000E+00
0.000000E+00
2.594647E-01
3.113576E-01
3.366355E-17
9.465914E-17
3.610673E-31
2.193953E-30
1.000000E+00
];
N1 = [
0.000000E+00
0.000000E+00
5.189294E-01
7.005547E-01
1.438373E-13
4.681415E-13
8.447192E-29
6.271467E-28
1.799251E-36
1.044908E-35
2.876392E-13
1.384169E+00
3.566227E-41
5.289799E-40
9.831023E-40
6.710833E-39
7.245976E-44
9.564289E-43
9.646342E-50
5.417441E-47
9.374755E-99
3.067871E-55
1.099198E-56
1.764487E-55
3.407504E-28
1.759851E-27
6.329177E-42
5.130039E-41
5.679991E-50
8.623024E-48
3.449636E-49
3.643391E-47
5.282913E-33
1.245213E-31
4.877433E-36
3.967503E-33
8.196856E-16
2.658334E-15
2.868196E-13
7.146171E-13
2.149642E-28
1.476315E-27
5.580637E-34
8.398389E-32
2.760075E-48
1.013825E-46
7.364980E-32
8.823565E-31
8.528466E-17
3.191068E-16
1.075079E-16
6.308856E-16
7.448583E-34
5.954929E-32
0.000000E+00
0.000000E+00
2.594647E-01
3.502773E-01
4.227765E-17
1.370855E-16
4.918220E-31
3.465360E-30
0.000000E+00
];
A = zeros(63, 63);
A(   3,    3) = -1.139541578315326563644970052987E-14;
A(   4,    3) = 2.999999999999999888977697537484E-02;
A(   5,    3) = 1.139541578315326563644970052987E-14;
A(   4,    4) = -3.815703598348769804124293768688E-14;
A(   6,    4) = 3.815703598348769804124293768688E-14;
A(   3,    5) = 1.237937155071446930256264779843E-14;
A(   5,    5) = -1.241784571744143418070400665029E-14;
A(   6,    5) = 2.999999999999999888977697537484E-02;
A(   7,    5) = 3.847416672696458231851939398110E-17;
A(   4,    6) = 3.990861288899376623635987494903E-14;
A(   6,    6) = -4.002952610552545410757449165604E-14;
A(   8,    6) = 1.209132165316896461516534542857E-16;
A(   5,    7) = 7.300310050458468699552145134489E-18;
A(   7,    7) = -1.782833654496505481862338412841E-09;
A(   8,    7) = 2.999999999999999888977697537484E-02;
A(   9,    7) = 1.782833647196195482020225280093E-09;
A(   6,    8) = 1.221175391921034616067992472674E-16;
A(   8,    8) = -1.782833769313734750939584526564E-09;
A(  10,    8) = 1.782833647196195482020225280093E-09;
A(   3,    9) = 1.827103701785126866968839520300E-10;
A(   5,    9) = 1.242091292788990473907007465817E-14;
A(   7,    9) = 1.827103701785126866968839520300E-10;
A(   9,    9) = -1.827165817088269649894623593896E-10;
A(  10,    9) = 2.999999999999999888977697537484E-02;
A(  11,    9) = 1.073850345024745148455023155531E-18;
A(   4,   10) = 6.116662678101850653089733756318E-10;
A(   6,   10) = 3.921532457138776090475815037322E-14;
A(   8,   10) = 6.116662678101850653089733756318E-10;
A(  10,   10) = -6.116858790650712895154185252283E-10;
A(  12,   10) = 3.592600533451119172592758925731E-18;
A(  12,   11) = 2.999999999999999888977697537484E-02;
A(  13,   13) = -8.592378586338786927711907992489E-01;
A(  14,   13) = 2.999999999999999888977697537484E-02;
A(  15,   13) = 8.592378586338786927711907992489E-01;
A(  14,   14) = -8.592378586338786927711907992489E-01;
A(  16,   14) = 8.592378586338786927711907992489E-01;
A(   3,   15) = 1.246227286460343167338299197628E-14;
A(   7,   15) = 3.397581569085160220609262606723E-11;
A(  11,   15) = 3.397875441166999989509813846442E-11;
A(  13,   15) = 9.523552046208967531251138280215E-15;
A(  15,   15) = -3.398962690641872593130300612137E-11;
A(  16,   15) = 2.999999999999999888977697537484E-02;
A(  17,   15) = 1.348942702517422477732510292374E-15;
A(   4,   16) = 4.010357723699454137388009394806E-14;
A(   8,   16) = 1.137484512449606323092386106073E-10;
A(  12,   16) = 1.137582760157743245257195153201E-10;
A(  14,   16) = 3.027880642330804886770366484505E-14;
A(  16,   16) = -1.137930615898494069161259291307E-10;
A(  18,   16) = 4.506767651779375260146361041204E-15;
A(   5,   17) = 4.458315886079343171370026944594E-19;
A(  13,   17) = 4.458315886079343171370026944594E-19;
A(  15,   17) = 7.100660615113907749959918292661E-18;
A(  17,   17) = -1.585863089901039699848028534034E-15;
A(  18,   17) = 2.999999999999999888977697537484E-02;
A(  19,   17) = 1.578316597697317973529321270720E-15;
A(   4,   18) = 4.202981710015302034234242506091E-20;
A(   6,   18) = 9.166071655733243215390823396491E-17;
A(  12,   18) = 5.072770914575755090942639614625E-17;
A(  14,   18) = 4.097503722867502850508994031064E-17;
A(  16,   18) = 2.890711405256711444051355219716E-16;
A(  18,   18) = -5.660347246193864725609455872993E-15;
A(  20,   18) = 5.279573359293760545729593183667E-15;
A(  11,   19) = 1.650546923586022174390564032365E+00;
A(  19,   19) = -8.252734617930110871952820161823E-01;
A(  20,   19) = 2.999999999999999888977697537484E-02;
A(  12,   20) = 1.650546923586022174390564032365E+00;
A(  20,   20) = -8.252734617930110871952820161823E-01;
A(  21,   21) = -3.887533261693494335276000128943E+00;
A(  22,   21) = 2.999999999999999888977697537484E-02;
A(  23,   21) = 1.974866896940295157847344853508E+00;
A(  25,   21) = 1.912666364753199177428655275435E+00;
A(  22,   22) = -3.887533261693494335276000128943E+00;
A(  24,   22) = 1.974866896940295157847344853508E+00;
A(  26,   22) = 1.912666364753199177428655275435E+00;
A(  11,   23) = 1.694462948668307800000000000000E+16;
A(  23,   23) = -8.472314743341539000000000000000E+15;
A(  24,   23) = 2.999999999999999888977697537484E-02;
A(  12,   24) = 1.694462948668307800000000000000E+16;
A(  24,   24) = -8.472314743341539000000000000000E+15;
A(  11,   25) = 9.020342048359278757890712130998E-14;
A(  13,   25) = 9.020342048359278757890712130998E-14;
A(  23,   25) = 2.733012814568009482303974688894E-13;
A(  25,   25) = -3.642024771408054416718118096485E-13;
A(  26,   25) = 2.999999999999999888977697537484E-02;
A(  27,   25) = 6.977752004116732233872659296988E-16;
A(   8,   26) = 3.245287787049311121832132070940E-17;
A(  12,   26) = 2.669376921022115922909680397843E-13;
A(  14,   26) = 2.669376921022115922909680397843E-13;
A(  18,   26) = 3.245287787049311121832132070940E-17;
A(  24,   26) = 8.494631100090175564221827125780E-13;
A(  26,   26) = -1.118624669722154114966588956648E-12;
A(  28,   26) = 2.191414733054566240132650688197E-15;
A(  27,   27) = -1.454605546809151233500747536428E-14;
A(  28,   27) = 2.999999999999999888977697537484E-02;
A(  31,   27) = 1.454605546809151233500747536428E-14;
A(  28,   28) = -1.454605546809151233500747536428E-14;
A(  32,   28) = 1.454605546809151233500747536428E-14;
A(  11,   29) = 1.555942259041162047117357047910E-03;
A(  17,   29) = 1.555942259041162047117357047910E-03;
A(  29,   29) = -5.019168577552135523944798478624E-02;
A(  30,   29) = 2.999999999999999888977697537484E-02;
A(  33,   29) = 4.863574351648019405969236572673E-02;
A(  12,   30) = 1.555942259041162047117357047910E-03;
A(  18,   30) = 1.555942259041162047117357047910E-03;
A(  30,   30) = -5.019168577552135523944798478624E-02;
A(  34,   30) = 4.863574351648019405969236572673E-02;
A(   3,   31) = 2.476870687155924578496373788043E-14;
A(   5,   31) = 2.678722592069400468896005952082E-15;
A(   7,   31) = 1.055579428093197525322874671584E-13;
A(  11,   31) = 1.325819908159106072941892040396E-10;
A(  17,   31) = 1.323708749302919632957729129664E-10;
A(  25,   31) = 2.678722592069400468896005952082E-15;
A(  27,   31) = 2.476870687155924578496373788043E-14;
A(  31,   31) = -1.325210077222294272899926794574E-10;
A(  32,   31) = 2.999999999999999888977697537484E-02;
