t = 5.000000000000000000000000000000E+00;
N0 = [
0.000000E+00
0.000000E+00
5.189294E-01
7.783941E-02
6.285107E-15
1.862042E-15
4.994676E-31
3.091283E-31
1.484113E-39
7.445597E-40
3.536349E-14
1.384169E+00
1.704309E-44
7.094331E-44
2.101201E-44
6.779242E-44
2.265042E-59
8.587684E-48
4.635515E-70
5.762195E-52
0.000000E+00
0.000000E+00
8.417032E-60
4.011446E-59
1.945649E-31
3.225138E-31
1.817816E-46
6.604687E-46
0.000000E+00
1.026919E-53
3.305256E-60
1.453500E-53
4.052244E-54
2.112739E-36
1.268912E-37
1.840299E-35
2.089746E-17
1.593441E-17
3.534259E-14
9.793852E-15
1.794887E-30
1.101095E-30
7.644452E-37
1.442586E-34
0.000000E+00
9.929168E-52
1.152745E-41
1.659120E-34
2.149592E-20
1.362383E-18
1.447506E-17
1.212040E-17
6.559773E-35
6.314296E-35
0.000000E+00
0.000000E+00
2.594647E-01
3.891970E-02
1.904549E-18
5.632577E-19
3.709702E-33
2.280708E-33
1.000000E+00
];
N1 = [
0.000000E+00
0.000000E+00
5.189294E-01
1.556788E-01
1.338738E-14
8.259027E-15
2.044968E-30
2.669237E-30
1.199591E-38
1.247761E-38
6.664300E-14
1.384169E+00
7.150731E-44
1.472961E-41
2.066216E-43
2.413436E-41
2.592712E-58
3.369957E-45
5.295342E-69
3.167171E-49
0.000000E+00
1.992997E-48
2.700819E-59
6.511073E-57
6.141824E-31
5.177392E-29
1.300276E-45
1.905956E-43
0.000000E+00
8.331389E-51
5.014557E-59
2.704495E-50
6.497632E-53
7.409158E-34
4.762787E-38
1.737336E-34
2.160521E-17
8.994746E-17
6.662140E-14
4.004291E-14
7.186209E-30
9.288578E-30
3.904041E-37
1.653900E-33
0.000000E+00
5.875056E-50
9.182077E-41
3.523829E-33
2.149592E-20
9.002051E-18
8.903118E-18
7.077740E-17
9.814345E-35
6.459004E-34
0.000000E+00
0.000000E+00
2.594647E-01
7.783941E-02
4.044064E-18
2.485759E-18
1.499524E-32
1.936624E-32
0.000000E+00
];
A = zeros(63, 63);
A(   3,    3) = -2.737280240519793994478774844202E-15;
A(   4,    3) = 2.999999999999999888977697537484E-02;
A(   5,    3) = 2.737280240519793994478774844202E-15;
A(   4,    4) = -8.418611961981332419583136064751E-15;
A(   6,    4) = 8.418611961981332419583136064751E-15;
A(   3,    5) = 1.693595046030729773856159598037E-14;
A(   5,    5) = -1.696737505246093375162426297798E-14;
A(   6,    5) = 2.999999999999999888977697537484E-02;
A(   7,    5) = 3.142459215363445999275984373971E-17;
A(   4,    6) = 5.109409857769815157394190194690E-14;
A(   6,    6) = -5.118698726031187500180227031756E-14;
A(   8,    6) = 9.288868261372447556625811731173E-17;
A(   5,    7) = 3.855269312509054746392619545988E-17;
A(   7,    7) = -1.782833685748888702566282608657E-09;
A(   8,    7) = 2.999999999999999888977697537484E-02;
A(   9,    7) = 1.782833647196195482020225280093E-09;
A(   6,    8) = 1.600081400470777154307778382775E-16;
A(   8,    8) = -1.782833807204335445200488028837E-09;
A(  10,    8) = 1.782833647196195482020225280093E-09;
A(   3,    9) = 4.448788692988379754495411894116E-11;
A(   5,    9) = 1.648553533986786590565981454160E-14;
A(   7,    9) = 4.448788692988379754495411894116E-11;
A(   9,    9) = -4.449612996374020519018099377700E-11;
A(  10,    9) = 2.999999999999999888977697537484E-02;
A(  11,    9) = 2.661864747244363197725773832729E-19;
A(   4,   10) = 1.368490397408011062958187465522E-10;
A(   6,   10) = 5.077514102460699182648850140148E-14;
A(   8,   10) = 1.368490397408011062958187465522E-10;
A(  10,   10) = -1.368744281294289101459163291363E-10;
A(  12,   10) = 8.181154932168946167173770049080E-19;
A(  12,   11) = 2.999999999999999888977697537484E-02;
A(  13,   13) = -8.592378586338786927711907992489E-01;
A(  14,   13) = 2.999999999999999888977697537484E-02;
A(  15,   13) = 8.592378586338786927711907992489E-01;
A(  14,   14) = -8.592378586338786927711907992489E-01;
A(  16,   14) = 8.592378586338786927711907992489E-01;
A(   3,   15) = 1.741316423316405636450704049747E-14;
A(   7,   15) = 9.487751784226894035893343168110E-12;
A(  11,   15) = 9.491792781931676067718507014936E-12;
A(  13,   15) = 1.337216652838157173318359681006E-14;
A(  15,   15) = -9.505516391296702472351018112679E-12;
A(  16,   15) = 2.999999999999999888977697537484E-02;
A(  17,   15) = 3.514428366445931842199268980025E-16;
A(   4,   16) = 5.061622371683422037198869444311E-14;
A(   8,   16) = 2.921089998374231220143029529909E-11;
A(  12,   16) = 2.922363218627302821500428790740E-11;
A(  14,   16) = 3.788402118612063017869692508716E-14;
A(  16,   16) = -2.926259350174377308609777980080E-11;
A(  18,   16) = 1.077294284629389021062440638152E-15;
A(   5,   17) = 5.921788439544135928181034935469E-18;
A(  11,   17) = 1.558749168012391498082667689542E-22;
A(  13,   17) = 5.921632564627334583424814190826E-18;
A(  15,   17) = 6.445743958250204276878475176570E-17;
A(  17,   17) = -4.675456313788647403140924498380E-16;
A(  18,   17) = 2.999999999999999888977697537484E-02;
A(  19,   17) = 3.971664033568185207874118421275E-16;
A(   4,   18) = 2.667293123526099139716952637693E-19;
A(   6,   18) = 1.014712592093428289637025003886E-16;
A(  12,   18) = 4.630526166710432154457115185647E-17;
A(  14,   18) = 5.543272685459112441089558941902E-17;
A(  16,   18) = 4.242438503760464081664285278397E-16;
A(  18,   18) = -1.746560068830166325652234443936E-15;
A(  20,   18) = 1.220578229932424329781895267920E-15;
A(  11,   19) = 1.650546923586022174390564032365E+00;
A(  19,   19) = -8.252734617930110871952820161823E-01;
A(  20,   19) = 2.999999999999999888977697537484E-02;
A(  12,   20) = 1.650546923586022174390564032365E+00;
A(  20,   20) = -8.252734617930110871952820161823E-01;
A(  21,   21) = -3.887533261693494335276000128943E+00;
A(  22,   21) = 2.999999999999999888977697537484E-02;
A(  23,   21) = 1.974866896940295157847344853508E+00;
A(  25,   21) = 1.912666364753199177428655275435E+00;
A(  22,   22) = -3.887533261693494335276000128943E+00;
A(  24,   22) = 1.974866896940295157847344853508E+00;
A(  26,   22) = 1.912666364753199177428655275435E+00;
A(  11,   23) = 1.694462948668307800000000000000E+16;
A(  23,   23) = -8.472314743341539000000000000000E+15;
A(  24,   23) = 2.999999999999999888977697537484E-02;
A(  12,   24) = 1.694462948668307800000000000000E+16;
A(  24,   24) = -8.472314743341539000000000000000E+15;
A(  11,   25) = 1.190815535628139869937831122536E-13;
A(  13,   25) = 1.190815535628139869937831122536E-13;
A(  23,   25) = 3.725633534435473819236739854400E-13;
A(  25,   25) = -4.921997030256132126325733910000E-13;
A(  26,   25) = 2.999999999999999888977697537484E-02;
A(  27,   25) = 5.547960192518537730928348743220E-16;
A(   4,   26) = 1.605092569959158650099821277566E-19;
A(   8,   26) = 2.923197898367489565499489537988E-17;
A(  12,   26) = 3.367649214724695334244736084551E-13;
A(  14,   26) = 3.367649214724695334244736084551E-13;
A(  18,   26) = 2.923197898367489565499489537988E-17;
A(  22,   26) = 1.605092569959158650099821277566E-19;
A(  24,   26) = 1.065475778632441889534453700323E-12;
A(  26,   26) = -1.403921857164364157435208978919E-12;
A(  28,   26) = 1.651764571211946344283542235339E-15;
A(  27,   27) = -1.454605546809151233500747536428E-14;
A(  28,   27) = 2.999999999999999888977697537484E-02;
A(  31,   27) = 1.454605546809151233500747536428E-14;
A(  28,   28) = -1.454605546809151233500747536428E-14;
A(  32,   28) = 1.454605546809151233500747536428E-14;
A(  11,   29) = 1.555942259041162047117357047910E-03;
A(  17,   29) = 1.555942259041162047117357047910E-03;
A(  29,   29) = -5.019168577552135523944798478624E-02;
A(  30,   29) = 2.999999999999999888977697537484E-02;
A(  33,   29) = 4.863574351648019405969236572673E-02;
A(  12,   30) = 1.555942259041162047117357047910E-03;
A(  18,   30) = 1.555942259041162047117357047910E-03;
A(  30,   30) = -5.019168577552135523944798478624E-02;
A(  34,   30) = 4.863574351648019405969236572673E-02;
A(   3,   31) = 3.284544664059154420888996617140E-14;
A(   5,   31) = 3.523001121910038588294170307899E-15;
A(   7,   31) = 1.397119591086289480640057625764E-13;
A(  11,   31) = 3.257832639699954664530474416586E-11;
A(  17,   31) = 3.229890247878229127353162934794E-11;
A(  25,   31) = 3.523001121910038588294170307899E-15;
