t = 5.000000000000000000000000000000E+00;
N0 = [
0.000000E+00
0.000000E+00
9.094639E-01
1.091357E+00
2.734020E-12
2.329698E-12
9.634866E-22
8.009576E-21
7.142386E-30
3.151752E-28
4.793352E-12
7.522659E-01
1.652623E-33
4.380060E-32
3.631997E-33
8.359282E-31
1.735326E-36
1.203799E-34
1.011782E-40
2.666170E-42
1.043728E-39
5.104306E-39
6.719111E-49
1.363169E-47
1.703030E-21
4.036379E-20
4.118687E-35
5.087769E-33
1.124236E-45
9.659845E-46
6.360220E-45
5.063179E-45
7.405275E-30
4.920394E-30
1.036562E-31
8.884676E-32
1.688501E-14
1.787010E-14
4.776467E-12
5.238356E-12
4.339489E-26
3.797171E-26
1.880035E-30
1.792018E-30
1.641923E-37
4.731037E-36
9.634694E-22
8.009563E-21
1.913897E-15
2.025904E-15
4.584380E-15
4.131430E-15
1.560398E-30
9.908403E-31
0.000000E+00
7.935341E-20
4.547319E-01
5.456783E-01
8.028631E-16
6.870325E-16
9.935539E-29
8.365961E-29
1.000000E+00
];
N1 = [
0.000000E+00
0.000000E+00
9.094639E-01
1.227776E+00
3.490508E-12
3.329627E-12
9.634944E-22
8.154105E-21
1.573110E-29
3.889336E-28
5.317010E-12
7.522659E-01
2.077647E-33
4.320941E-32
1.215815E-32
1.022948E-30
3.032148E-36
1.363073E-34
1.644082E-42
2.985631E-43
3.774973E-48
7.253932E-40
6.568278E-49
1.345869E-47
1.703034E-21
4.061924E-20
1.186137E-34
6.399510E-33
1.536713E-45
1.232758E-45
7.431562E-45
7.473751E-45
7.555361E-30
6.491326E-30
7.718937E-32
1.168440E-31
1.801176E-14
2.193520E-14
5.298998E-12
6.558820E-12
5.880279E-26
5.793083E-26
1.661601E-30
2.198123E-30
2.621354E-37
5.377932E-36
9.634694E-22
8.154084E-21
2.050123E-15
2.464065E-15
3.807353E-15
4.498612E-15
1.469809E-30
1.330430E-30
0.000000E+00
7.713518E-20
4.547319E-01
6.138881E-01
1.022728E-15
9.794570E-16
1.380107E-28
1.298396E-28
0.000000E+00
];
A = zeros(63, 63);
A(   3,    3) = -1.663297592829823632693064012688E-13;
A(   4,    3) = 2.999999999999999888977697537484E-02;
A(   5,    3) = 1.663297592829823632693064012688E-13;
A(   4,    4) = -9.192358273931083512126638898069E-14;
A(   6,    4) = 9.192358273931083512126638898069E-14;
A(   3,    5) = 1.496805833950063353703933340404E-13;
A(   5,    5) = -1.501827218965873524348081760475E-13;
A(   6,    5) = 2.999999999999999888977697537484E-02;
A(   7,    5) = 5.021385015810119368189580704714E-16;
A(   4,    6) = 1.270467193932734803034476514317E-13;
A(   6,    6) = -1.274054265713807509310385714421E-13;
A(   8,    6) = 3.587071781072719094898909945656E-16;
A(   5,    7) = 4.154036693461545469750045888049E-16;
A(   7,    7) = -1.782834062599864881755979874745E-09;
A(   8,    7) = 2.999999999999999888977697537484E-02;
A(   9,    7) = 1.782833647196195482020225280093E-09;
A(   6,    8) = 4.306000318426623037515919923978E-16;
A(   8,    8) = -1.782834077796227389636103372419E-09;
A(  10,    8) = 1.782833647196195482020225280093E-09;
A(   3,    9) = 2.666159921216134046342378851203E-09;
A(   5,    9) = 1.467378926572813443877525864374E-13;
A(   7,    9) = 2.666159921216134046342378851203E-09;
A(   9,    9) = -2.666233305812443917763971773472E-09;
A(  10,    9) = 2.999999999999999888977697537484E-02;
A(  11,    9) = 1.564998124563656634515357524429E-17;
A(   4,   10) = 1.476046769984020700228757840748E-09;
A(   6,   10) = 1.232843569000734090377824092493E-13;
A(   8,   10) = 1.476046769984020700228757840748E-09;
A(  10,   10) = -1.476108420840764340993700199376E-09;
A(  12,   10) = 8.678293701189030274836787308765E-18;
A(  12,   11) = 2.999999999999999888977697537484E-02;
A(  13,   13) = -8.592378586338786927711907992489E-01;
A(  14,   13) = 2.999999999999999888977697537484E-02;
A(  15,   13) = 8.592378586338786927711907992489E-01;
A(  14,   14) = -8.592378586338786927711907992489E-01;
A(  16,   14) = 8.592378586338786927711907992489E-01;
A(   3,   15) = 1.517291298245457411612697893764E-13;
A(   7,   15) = 4.949308054759091984399739219864E-10;
A(  11,   15) = 4.949672353101968505932753956511E-10;
A(  13,   15) = 1.152992955368497398152403199937E-13;
A(  15,   15) = -4.951021487081864945629330734334E-10;
A(  16,   15) = 2.999999999999999888977697537484E-02;
A(  17,   15) = 1.961410245279619883925689397770E-14;
A(   4,   16) = 1.298392340932526023433480934477E-13;
A(   8,   16) = 2.782112425383242258346457032037E-10;
A(  12,   16) = 2.782422399902556193701339325522E-10;
A(  14,   16) = 9.884178216184981509442231291822E-14;
A(  16,   16) = -2.783520216740200286356043614969E-10;
A(  18,   16) = 1.093990160254536132023938451027E-14;
A(   3,   17) = 6.104195699653436733425748709052E-20;
A(   5,   17) = 2.414851618290823678428535535551E-16;
A(  11,   17) = 1.212296976583313650542292572421E-16;
A(  13,   17) = 1.203165061277475519013596905149E-16;
A(  15,   17) = 9.195462067454809863111453318884E-16;
A(  17,   17) = -2.415166116893812603114934365359E-14;
A(  18,   17) = 2.999999999999999888977697537484E-02;
A(  19,   17) = 2.299056875840656427898986276220E-14;
A(   4,   18) = 2.255877838408137045971202029327E-19;
A(   6,   18) = 2.422630152976379745442738181266E-16;
A(  12,   18) = 1.061752879300059886036377827203E-16;
A(  14,   18) = 1.363133151514727914118826433539E-16;
A(  16,   18) = 1.100943790401141101211355642575E-15;
A(  18,   18) = -1.410551997201276252225000600449E-14;
A(  20,   18) = 1.276208757853014260404527500361E-14;
A(  11,   19) = 1.650546923586022174390564032365E+00;
A(  19,   19) = -8.252734617930110871952820161823E-01;
A(  20,   19) = 2.999999999999999888977697537484E-02;
A(  12,   20) = 1.650546923586022174390564032365E+00;
A(  20,   20) = -8.252734617930110871952820161823E-01;
A(  21,   21) = -3.887533261693494335276000128943E+00;
A(  22,   21) = 2.999999999999999888977697537484E-02;
A(  23,   21) = 1.974866896940295157847344853508E+00;
A(  25,   21) = 1.912666364753199177428655275435E+00;
A(  22,   22) = -3.887533261693494335276000128943E+00;
A(  24,   22) = 1.974866896940295157847344853508E+00;
A(  26,   22) = 1.912666364753199177428655275435E+00;
A(  11,   23) = 1.694462948668307800000000000000E+16;
A(  23,   23) = -8.472314743341539000000000000000E+15;
A(  24,   23) = 2.999999999999999888977697537484E-02;
A(  12,   24) = 1.694462948668307800000000000000E+16;
A(  24,   24) = -8.472314743341539000000000000000E+15;
A(   7,   25) = 8.393280190531177418305118407028E-17;
A(  11,   25) = 1.051204190278387796133995471013E-12;
A(  13,   25) = 1.051204190278387796133995471013E-12;
A(  17,   25) = 8.393280190531177418305118407028E-17;
A(  23,   25) = 3.267611146276942766217486933763E-12;
A(  25,   25) = -4.327992095353713998474784317065E-12;
A(  26,   25) = 2.999999999999999888977697537484E-02;
A(  27,   25) = 9.092825996477824224522279442835E-15;
A(   4,   26) = 6.944744550177930137036523260284E-20;
A(   8,   26) = 5.625101195721717124373264165641E-17;
A(  12,   26) = 9.135943860689273117188133030978E-13;
A(  14,   26) = 9.135943860689273117188133030978E-13;
A(  18,   26) = 5.625101195721717124373264165641E-17;
A(  22,   26) = 6.944744550177930137036523260284E-20;
A(  24,   26) = 2.807197255138940760629507455506E-12;
A(  26,   26) = -3.727267855411137788395016357621E-12;
A(  28,   26) = 6.419893743866920027620247738319E-15;
A(  27,   27) = -1.454605546809151233500747536428E-14;
A(  28,   27) = 2.999999999999999888977697537484E-02;
A(  31,   27) = 1.454605546809151233500747536428E-14;
A(  28,   28) = -1.454605546809151233500747536428E-14;
A(  32,   28) = 1.454605546809151233500747536428E-14;
A(  11,   29) = 1.555942259041162047117357047910E-03;
A(  17,   29) = 1.555942259041162047117357047910E-03;
A(  29,   29) = -5.019168577552135523944798478624E-02;
A(  30,   29) = 2.999999999999999888977697537484E-02;
A(  33,   29) = 4.863574351648019405969236572673E-02;
A(  12,   30) = 1.555942259041162047117357047910E-03;
A(  18,   30) = 1.555942259041162047117357047910E-03;
A(  30,   30) = -5.019168577552135523944798478624E-02;
A(  34,   30) = 4.863574351648019405969236572673E-02;
A(   3,   31) = 2.899833139144979679899678365813E-13;
A(   5,   31) = 3.182804520467359719794029240943E-14;
A(   7,   31) = 1.229822107162009143951022671744E-12;
