t = 5.000000000000000000000000000000E+00;
N0 = [
0.000000E+00
0.000000E+00
9.094639E-01
9.549371E-01
2.106157E-12
1.570228E-12
1.254579E-22
7.907939E-21
2.288870E-30
2.437109E-28
4.258595E-12
7.522659E-01
8.183700E-35
4.489949E-32
4.772731E-34
6.467743E-31
2.366830E-37
9.831824E-35
5.304650E-45
1.000756E-42
7.565458E-50
3.609395E-48
2.601192E-50
1.402733E-47
6.265200E-23
4.022686E-20
3.852317E-36
3.856199E-33
4.536548E-46
7.139139E-46
2.077271E-45
3.104685E-45
3.134172E-30
3.327492E-30
7.370421E-32
6.706011E-32
1.395259E-14
1.397772E-14
4.244643E-12
4.060028E-12
3.111571E-26
2.373177E-26
1.773538E-30
1.515832E-30
3.032354E-38
3.870931E-36
1.254464E-22
7.907931E-21
1.555713E-15
1.591701E-15
4.866937E-15
3.777938E-15
8.468302E-31
6.782196E-31
0.000000E+00
8.163543E-20
4.547319E-01
4.774685E-01
6.201028E-16
4.644400E-16
6.971933E-29
5.147583E-29
1.000000E+00
];
N1 = [
0.000000E+00
0.000000E+00
9.094639E-01
1.091357E+00
2.734020E-12
2.329698E-12
9.634866E-22
8.009576E-21
7.142386E-30
3.151752E-28
4.793352E-12
7.522659E-01
1.652623E-33
4.380060E-32
3.631997E-33
8.359282E-31
1.735326E-36
1.203799E-34
1.011782E-40
2.666170E-42
1.043728E-39
5.104306E-39
6.719111E-49
1.363169E-47
1.703030E-21
4.036379E-20
4.118687E-35
5.087769E-33
1.124236E-45
9.659845E-46
6.360220E-45
5.063179E-45
7.405275E-30
4.920394E-30
1.036562E-31
8.884676E-32
1.688501E-14
1.787010E-14
4.776467E-12
5.238356E-12
4.339489E-26
3.797171E-26
1.880035E-30
1.792018E-30
1.641923E-37
4.731037E-36
9.634694E-22
8.009563E-21
1.913897E-15
2.025904E-15
4.584380E-15
4.131430E-15
1.560398E-30
9.908403E-31
0.000000E+00
7.935341E-20
4.547319E-01
5.456783E-01
8.028631E-16
6.870325E-16
9.935539E-29
8.365961E-29
0.000000E+00
];
A = zeros(63, 63);
A(   3,    3) = -1.380094140008068106792874391222E-13;
A(   4,    3) = 2.999999999999999888977697537484E-02;
A(   5,    3) = 1.380094140008068106792874391222E-13;
A(   4,    4) = -7.746691218041984518231215384975E-14;
A(   6,    4) = 7.746691218041984518231215384975E-14;
A(   3,    5) = 1.549267529246703215414207034777E-13;
A(   5,    5) = -1.553925281312464935586714482504E-13;
A(   6,    5) = 2.999999999999999888977697537484E-02;
A(   7,    5) = 4.657752065761808919359285090661E-16;
A(   4,    6) = 1.291430027572556994594760100986E-13;
A(   6,    6) = -1.294846306225849112129050051845E-13;
A(   8,    6) = 3.416278653292083514663413202233E-16;
A(   5,    7) = 4.598262878877966227625478428102E-16;
A(   7,    7) = -1.782834107022483398679690842867E-09;
A(   8,    7) = 2.999999999999999888977697537484E-02;
A(   9,    7) = 1.782833647196195482020225280093E-09;
A(   6,    8) = 3.910399074089267547151671046253E-16;
A(   8,    8) = -1.782834038236102836050741246609E-09;
A(  10,    8) = 1.782833647196195482020225280093E-09;
A(   3,    9) = 2.213186810352850787515717093752E-09;
A(   5,    9) = 1.512180393887516807666089637680E-13;
A(   7,    9) = 2.213186810352850787515717093752E-09;
A(   9,    9) = -2.213262432378875215153948383009E-09;
A(  10,    9) = 2.999999999999999888977697537484E-02;
A(  11,    9) = 1.300632978861896025346002470075E-17;
A(   4,   10) = 1.245058164580479050752008060208E-09;
A(   6,   10) = 1.244181274275202814102533399647E-13;
A(   8,   10) = 1.245058164580479050752008060208E-09;
A(  10,   10) = -1.245120380972510429800843278765E-09;
A(  12,   10) = 7.328317612414646202463720117740E-18;
A(  12,   11) = 2.999999999999999888977697537484E-02;
A(  13,   13) = -8.592378586338786927711907992489E-01;
A(  14,   13) = 2.999999999999999888977697537484E-02;
A(  15,   13) = 8.592378586338786927711907992489E-01;
A(  14,   14) = -8.592378586338786927711907992489E-01;
A(  16,   14) = 8.592378586338786927711907992489E-01;
A(   3,   15) = 1.568788220320881166625162427217E-13;
A(   7,   15) = 4.138602278074272952880088750921E-10;
A(  11,   15) = 4.138979945709391927415873391541E-10;
A(  13,   15) = 1.191120585202132560603777104757E-13;
A(  15,   15) = -4.140334448197678479804814449041E-10;
A(  16,   15) = 2.999999999999999888977697537484E-02;
A(  17,   15) = 1.633819030845915160246926960832E-14;
A(   4,   16) = 1.329494272115398421285650437861E-13;
A(   8,   16) = 2.368343351927241124779138532476E-10;
A(  12,   16) = 2.368654749886553056497641204337E-10;
A(  14,   16) = 1.018096312803246957689220211027E-13;
A(  16,   16) = -2.369765534051697232846232156370E-10;
A(  18,   16) = 9.268785234079378571212432910560E-15;
A(   3,   17) = 4.111693050943512320327074810969E-18;
A(   5,   17) = 3.673211752630722992697225769958E-16;
A(  11,   17) = 2.024416587213205566202809848747E-16;
A(  13,   17) = 1.689912095926952780809279995789E-16;
A(  15,   17) = 1.088063974279704959994511631868E-15;
A(  17,   17) = -2.058159925957427537141730796560E-14;
A(  18,   17) = 2.999999999999999888977697537484E-02;
A(  19,   17) = 1.912210241698055442881016762034E-14;
A(   4,   18) = 7.174793278144216870169864766319E-19;
A(   6,   18) = 2.602455898209868455022225022992E-16;
A(  12,   18) = 1.286901176340411547344689902064E-16;
A(  14,   18) = 1.322729515147601237214606732348E-16;
A(  16,   18) = 9.850221439589678619828250308174E-16;
A(  18,   18) = -1.203183660128281809954816791562E-14;
A(  20,   18) = 1.078585138817504886050180006873E-14;
A(  11,   19) = 1.650546923586022174390564032365E+00;
A(  19,   19) = -8.252734617930110871952820161823E-01;
A(  20,   19) = 2.999999999999999888977697537484E-02;
A(  12,   20) = 1.650546923586022174390564032365E+00;
A(  20,   20) = -8.252734617930110871952820161823E-01;
A(  21,   21) = -3.887533261693494335276000128943E+00;
A(  22,   21) = 2.999999999999999888977697537484E-02;
A(  23,   21) = 1.974866896940295157847344853508E+00;
A(  25,   21) = 1.912666364753199177428655275435E+00;
A(  22,   22) = -3.887533261693494335276000128943E+00;
A(  24,   22) = 1.974866896940295157847344853508E+00;
A(  26,   22) = 1.912666364753199177428655275435E+00;
A(  11,   23) = 1.694462948668307800000000000000E+16;
A(  23,   23) = -8.472314743341539000000000000000E+15;
A(  24,   23) = 2.999999999999999888977697537484E-02;
A(  12,   24) = 1.694462948668307800000000000000E+16;
A(  24,   24) = -8.472314743341539000000000000000E+15;
A(   3,   25) = 2.506752516843093699729283687259E-18;
A(   5,   25) = 6.368975460534461935472301150176E-20;
A(   7,   25) = 1.618359718358007555530505623938E-16;
A(  11,   25) = 1.070523279587390639511772378596E-12;
A(  13,   25) = 1.070523279587390639511772378596E-12;
A(  17,   25) = 1.618359718358007555530505623938E-16;
A(  19,   25) = 6.368975460534461935472301150176E-20;
A(  21,   25) = 2.506752516843093699729283687259E-18;
A(  23,   25) = 3.342652944847082600668005733825E-12;
A(  25,   25) = -4.421798449773213888960577421530E-12;
A(  26,   25) = 2.999999999999999888977697537484E-02;
A(  27,   25) = 8.457818924633298046688458532497E-15;
A(   4,   26) = 4.910276360988817049339630738427E-19;
A(   8,   26) = 8.216797430644443194902735867377E-17;
A(  12,   26) = 9.322285789431765861742002657483E-13;
A(  14,   26) = 9.322285789431765861742002657483E-13;
A(  18,   26) = 8.216797430644443194902735867377E-17;
A(  22,   26) = 4.910276360988817049339630738427E-19;
A(  24,   26) = 2.861276229814352666699110050405E-12;
A(  26,   26) = -3.799690836986498975665742654583E-12;
A(  28,   26) = 6.103369227027132471835852471136E-15;
A(  27,   27) = -1.454605546809151233500747536428E-14;
A(  28,   27) = 2.999999999999999888977697537484E-02;
A(  31,   27) = 1.454605546809151233500747536428E-14;
A(  28,   28) = -1.454605546809151233500747536428E-14;
A(  32,   28) = 1.454605546809151233500747536428E-14;
A(  11,   29) = 1.555942259041162047117357047910E-03;
A(  17,   29) = 1.555942259041162047117357047910E-03;
A(  29,   29) = -5.019168577552135523944798478624E-02;
A(  30,   29) = 2.999999999999999888977697537484E-02;
A(  33,   29) = 4.863574351648019405969236572673E-02;
A(  12,   30) = 1.555942259041162047117357047910E-03;
A(  18,   30) = 1.555942259041162047117357047910E-03;
A(  30,   30) = -5.019168577552135523944798478624E-02;
