t = 5.000000000000000000000000000000E+00;
N0 = [
0.000000E+00
0.000000E+00
9.094639E-01
4.092587E-01
5.139640E-13
1.679937E-13
2.125264E-23
1.594248E-24
9.472973E-32
9.475554E-33
1.919402E-12
7.522659E-01
1.156698E-36
8.848695E-38
2.078332E-36
2.092283E-37
1.393539E-38
1.275050E-39
7.398865E-46
9.202533E-47
2.445175E-43
1.784710E-45
4.793065E-52
2.861376E-53
1.002536E-24
7.586965E-26
1.703144E-38
1.498043E-39
4.537116E-47
8.382318E-48
1.600390E-46
2.033410E-47
5.304390E-31
7.154046E-32
3.810959E-32
1.209843E-32
6.061204E-15
2.477886E-15
1.913341E-12
7.766839E-13
4.250726E-27
1.386657E-27
5.945980E-31
2.511078E-31
2.396265E-39
2.165340E-40
2.125136E-23
1.593853E-24
7.059542E-16
2.838286E-16
2.861928E-15
1.372278E-15
2.297035E-31
7.147948E-32
0.000000E+00
0.000000E+00
4.547319E-01
2.046294E-01
1.536216E-16
5.051172E-17
8.959882E-30
2.879510E-30
1.000000E+00
];
N1 = [
0.000000E+00
0.000000E+00
9.094639E-01
5.456783E-01
8.061033E-13
3.435100E-13
2.125394E-23
7.753496E-21
2.841847E-31
3.295838E-29
2.544045E-12
7.522659E-01
1.450136E-36
3.584822E-32
8.029303E-36
6.168148E-32
3.608960E-38
1.676562E-35
1.262664E-45
2.367858E-37
8.843753E-52
1.560567E-38
4.602237E-52
1.509929E-47
1.004258E-24
4.000850E-20
5.282350E-38
4.907776E-34
1.030399E-46
7.768395E-47
2.895499E-46
3.095300E-46
6.277085E-31
1.127992E-30
5.527003E-32
3.332536E-32
8.058717E-15
4.739685E-15
2.535986E-12
1.374853E-12
8.161485E-27
3.543415E-27
1.110808E-30
5.887655E-31
5.761260E-39
6.517280E-37
2.125136E-23
7.753495E-21
9.198933E-16
5.474538E-16
3.792052E-15
2.300985E-15
3.893510E-31
1.811859E-31
0.000000E+00
8.888284E-20
4.547319E-01
2.728392E-01
2.397148E-16
1.027679E-16
1.743413E-29
7.420559E-30
0.000000E+00
];
A = zeros(63, 63);
A(   3,    3) = -6.419837504455800934935828417695E-14;
A(   4,    3) = 2.999999999999999888977697537484E-02;
A(   5,    3) = 6.419837504455800934935828417695E-14;
A(   4,    4) = -3.200058979816886809569010010408E-14;
A(   6,    4) = 3.200058979816886809569010010408E-14;
A(   3,    5) = 1.793761728855727748794159557902E-13;
A(   5,    5) = -1.797708958763847798656873995331E-13;
A(   6,    5) = 2.999999999999999888977697537484E-02;
A(   7,    5) = 3.947229908120014857011768246987E-16;
A(   4,    6) = 1.466348906934794608691801098920E-13;
A(   6,    6) = -1.469289264615599054275090190647E-13;
A(   8,    6) = 2.940357680804498338362128382318E-16;
A(   5,    7) = 5.689169349201840818296678430371E-16;
A(   7,    7) = -1.782834216113130326909210035839E-09;
A(   8,    7) = 2.999999999999999888977697537484E-02;
A(   9,    7) = 1.782833647196195482020225280093E-09;
A(   6,    8) = 4.999749295830568541977597015187E-16;
A(   8,    8) = -1.782834147171125037810299504115E-09;
A(  10,    8) = 1.782833647196195482020225280093E-09;
A(   3,    9) = 1.034274359133211054553708231900E-09;
A(   5,    9) = 1.756031889212548988590306283558E-13;
A(   7,    9) = 1.034274359133211054553708231900E-09;
A(   9,    9) = -1.034362166849604140220563762756E-09;
A(  10,    9) = 2.999999999999999888977697537484E-02;
A(  11,    9) = 6.121932536083338349777931938487E-18;
A(   4,   10) = 5.189491287731097959681300120635E-10;
A(   6,   10) = 1.428363052898312607051986007001E-13;
A(   8,   10) = 5.189491287731097959681300120635E-10;
A(  10,   10) = -5.190205500077984542516924163587E-10;
A(  12,   10) = 3.082043711346960099181789842452E-18;
A(  12,   11) = 2.999999999999999888977697537484E-02;
A(  13,   13) = -8.592378586338786927711907992489E-01;
A(  14,   13) = 2.999999999999999888977697537484E-02;
A(  15,   13) = 8.592378586338786927711907992489E-01;
A(  14,   14) = -8.592378586338786927711907992489E-01;
A(  16,   14) = 8.592378586338786927711907992489E-01;
A(   3,   15) = 1.815847593168171695419857144933E-13;
A(   7,   15) = 2.034771287464392296488737130446E-10;
A(  11,   15) = 2.035211411822607353130638658371E-10;
A(  13,   15) = 1.375723234953219561811052900440E-13;
A(  15,   15) = -2.036665398172458164423268641127E-10;
A(  16,   15) = 2.999999999999999888977697537484E-02;
A(  17,   15) = 7.826311489776755213748551478301E-15;
A(   4,   16) = 1.492290393610917658704141830434E-13;
A(   8,   16) = 1.068554869234098661924913461916E-10;
A(  12,   16) = 1.068913987206614998650558436137E-10;
A(  14,   16) = 1.133172421094559728478035268559E-13;
A(  16,   16) = -1.070087328540876658740121063361E-10;
A(  18,   16) = 4.016891316707916439206866739515E-15;
A(   3,   17) = 1.358264778997101347808276948850E-19;
A(   5,   17) = 4.186079701481410599350798745798E-16;
A(  11,   17) = 2.315456627896858739800640106231E-16;
A(  13,   17) = 1.871981338363548585100886517956E-16;
A(  15,   17) = 1.375134095844368091907762097799E-15;
A(  17,   17) = -1.084336086828542836552788653812E-14;
A(  18,   17) = 2.999999999999999888977697537484E-02;
A(  19,   17) = 9.049482975815018678313356692421E-15;
A(   4,   18) = 4.067563280916221215133353292450E-18;
A(   6,   18) = 4.111553439812749462832916945178E-16;
A(  12,   18) = 2.333287309290667009411535045985E-16;
A(  14,   18) = 1.818941763331244634757836321922E-16;
A(  16,   18) = 1.277258720586052857659831728658E-15;
A(  18,   18) = -6.259365057485940415427253034388E-15;
A(  20,   18) = 4.566883429637695851008611829494E-15;
A(  11,   19) = 1.650546923586022174390564032365E+00;
A(  19,   19) = -8.252734617930110871952820161823E-01;
A(  20,   19) = 2.999999999999999888977697537484E-02;
A(  12,   20) = 1.650546923586022174390564032365E+00;
A(  20,   20) = -8.252734617930110871952820161823E-01;
A(  21,   21) = -3.887533261693494335276000128943E+00;
A(  22,   21) = 2.999999999999999888977697537484E-02;
A(  23,   21) = 1.974866896940295157847344853508E+00;
A(  25,   21) = 1.912666364753199177428655275435E+00;
A(  22,   22) = -3.887533261693494335276000128943E+00;
A(  24,   22) = 1.974866896940295157847344853508E+00;
A(  26,   22) = 1.912666364753199177428655275435E+00;
A(  11,   23) = 1.694462948668307800000000000000E+16;
A(  23,   23) = -8.472314743341539000000000000000E+15;
A(  24,   23) = 2.999999999999999888977697537484E-02;
A(  12,   24) = 1.694462948668307800000000000000E+16;
A(  24,   24) = -8.472314743341539000000000000000E+15;
A(   7,   25) = 1.267736583236521306306685198959E-16;
A(  11,   25) = 1.244696807280411085380730656422E-12;
A(  13,   25) = 1.244696807280411085380730656422E-12;
A(  17,   25) = 1.267736583236521306306685198959E-16;
A(  23,   25) = 3.882626225798699657658473982439E-12;
A(  25,   25) = -5.134584231092870355603716179768E-12;
A(  26,   25) = 2.999999999999999888977697537484E-02;
A(  27,   25) = 7.134424355436244497762461816157E-15;
A(   4,   26) = 1.609798801057598568610024629572E-18;
A(   6,   26) = 6.574639102102933221885214580596E-18;
A(   8,   26) = 1.314323273251483126322526176372E-16;
A(  12,   26) = 1.023828723991856626019981550439E-12;
A(  14,   26) = 1.023828723991856626019981550439E-12;
A(  18,   26) = 1.314323273251483126322526176372E-16;
A(  20,   26) = 6.574639102102933221885214580596E-18;
A(  22,   26) = 1.609798801057598568610024629572E-18;
A(  24,   26) = 3.197468373142695965980693120116E-12;
A(  26,   26) = -4.226588700648430157709293332167E-12;
A(  28,   26) = 5.151986748649123147842839921887E-15;
A(  27,   27) = -1.454605546809151233500747536428E-14;
A(  28,   27) = 2.999999999999999888977697537484E-02;
A(  31,   27) = 1.454605546809151233500747536428E-14;
A(  28,   28) = -1.454605546809151233500747536428E-14;
A(  32,   28) = 1.454605546809151233500747536428E-14;
A(  11,   29) = 1.555942259041162047117357047910E-03;
A(  17,   29) = 1.555942259041162047117357047910E-03;
A(  29,   29) = -5.019168577552135523944798478624E-02;
A(  30,   29) = 2.999999999999999888977697537484E-02;
A(  33,   29) = 4.863574351648019405969236572673E-02;
A(  12,   30) = 1.555942259041162047117357047910E-03;
A(  18,   30) = 1.555942259041162047117357047910E-03;
A(  30,   30) = -5.019168577552135523944798478624E-02;
A(  34,   30) = 4.863574351648019405969236572673E-02;
A(   3,   31) = 3.443951498428277611141461228290E-13;
