t = 5.000000000000000000000000000000E+00;
N0 = [
0.000000E+00
0.000000E+00
5.189294E-01
0.000000E+00
0.000000E+00
0.000000E+00
0.000000E+00
0.000000E+00
0.000000E+00
0.000000E+00
0.000000E+00
1.384169E+00
0.000000E+00
0.000000E+00
0.000000E+00
0.000000E+00
0.000000E+00
0.000000E+00
0.000000E+00
0.000000E+00
0.000000E+00
0.000000E+00
0.000000E+00
0.000000E+00
0.000000E+00
0.000000E+00
0.000000E+00
0.000000E+00
0.000000E+00
0.000000E+00
0.000000E+00
0.000000E+00
0.000000E+00
0.000000E+00
0.000000E+00
0.000000E+00
0.000000E+00
0.000000E+00
0.000000E+00
0.000000E+00
0.000000E+00
0.000000E+00
0.000000E+00
0.000000E+00
0.000000E+00
0.000000E+00
0.000000E+00
0.000000E+00
0.000000E+00
0.000000E+00
0.000000E+00
0.000000E+00
0.000000E+00
0.000000E+00
0.000000E+00
0.000000E+00
2.594647E-01
0.000000E+00
0.000000E+00
0.000000E+00
0.000000E+00
0.000000E+00
1.000000E+00
];
N1 = [
0.000000E+00
0.000000E+00
5.189294E-01
7.783941E-02
6.285107E-15
1.862042E-15
4.994676E-31
3.091283E-31
1.484113E-39
7.445597E-40
3.536349E-14
1.384169E+00
1.704309E-44
7.094331E-44
2.101201E-44
6.779242E-44
2.265042E-59
8.587684E-48
4.635515E-70
5.762195E-52
0.000000E+00
0.000000E+00
8.417032E-60
4.011446E-59
1.945649E-31
3.225138E-31
1.817816E-46
6.604687E-46
0.000000E+00
1.026919E-53
3.305256E-60
1.453500E-53
4.052244E-54
2.112739E-36
1.268912E-37
1.840299E-35
2.089746E-17
1.593441E-17
3.534259E-14
9.793852E-15
1.794887E-30
1.101095E-30
7.644452E-37
1.442586E-34
0.000000E+00
9.929168E-52
1.152745E-41
1.659120E-34
2.149592E-20
1.362383E-18
1.447506E-17
1.212040E-17
6.559773E-35
6.314296E-35
0.000000E+00
0.000000E+00
2.594647E-01
3.891970E-02
1.904549E-18
5.632577E-19
3.709702E-33
2.280708E-33
0.000000E+00
];
A = zeros(63, 63);
A(   3,    3) = -2.422327945121255843570962575682E-15;
A(   4,    3) = 2.999999999999999888977697537484E-02;
A(   5,    3) = 2.422327945121255843570962575682E-15;
A(   4,    4) = -7.139326529189828631922289962841E-15;
A(   6,    4) = 7.139326529189828631922289962841E-15;
A(   3,    5) = 1.817471366694561733132067284292E-14;
A(   5,    5) = -1.820650103627340938042565757590E-14;
A(   6,    5) = 2.999999999999999888977697537484E-02;
A(   7,    5) = 3.178736932779092744338512184728E-17;
A(   4,    6) = 4.859788261271575490698528774892E-14;
A(   6,    6) = -4.868941513552550515449169634966E-14;
A(   8,    6) = 9.153252280975028448426353297732E-17;
A(   5,    7) = 6.455892232142986318336291499367E-17;
A(   7,    7) = -1.782833711755117736554523463343E-09;
A(   8,    7) = 2.999999999999999888977697537484E-02;
A(   9,    7) = 1.782833647196195482020225280093E-09;
A(   6,    8) = 1.319149429967125357818539098754E-16;
A(   8,    8) = -1.782833779111138411137390157241E-09;
A(  10,    8) = 1.782833647196195482020225280093E-09;
A(   3,    9) = 3.951613139209815602415709233356E-11;
A(   5,    9) = 1.847964000080205288645184369223E-14;
A(   7,    9) = 3.951613139209815602415709233356E-11;
A(   9,    9) = -3.952537144913965467947396226901E-11;
A(  10,    9) = 2.999999999999999888977697537484E-02;
A(  11,    9) = 2.370410958864761084934805155498E-19;
A(   4,   10) = 1.165238763462377357809969956036E-10;
A(   6,   10) = 4.775883072737205555451124872213E-14;
A(   8,   10) = 1.165238763462377357809969956036E-10;
A(  10,   10) = -1.165477564601036264104060099315E-10;
A(  12,   10) = 6.985021950784629478291742804828E-19;
A(  12,   11) = 2.999999999999999888977697537484E-02;
A(  13,   13) = -8.592378586338786927711907992489E-01;
A(  14,   13) = 2.999999999999999888977697537484E-02;
A(  15,   13) = 8.592378586338786927711907992489E-01;
A(  14,   14) = -8.592378586338786927711907992489E-01;
A(  16,   14) = 8.592378586338786927711907992489E-01;
A(   3,   15) = 1.765802890511345841778047514866E-14;
A(   7,   15) = 8.622692246396547576528305717983E-12;
A(  11,   15) = 8.627337778721575038305096100360E-12;
A(  13,   15) = 1.301249658008615756861475785871E-14;
A(  15,   15) = -8.640666366760359915091421930522E-12;
A(  16,   15) = 2.999999999999999888977697537484E-02;
A(  17,   15) = 3.160914586991588597543132890929E-16;
A(   4,   16) = 4.880779224909189550071157386623E-14;
A(   8,   16) = 2.558908823345902213404175967107E-11;
A(  12,   16) = 2.560101398784237528846356219676E-11;
A(  14,   16) = 3.688203786574028724628328136436E-14;
A(  16,   16) = -2.563882572857066534018919846035E-11;
A(  18,   16) = 9.297028625517427452880502165661E-16;
A(   5,   17) = 1.522720466138622427774184214421E-17;
A(  11,   17) = 8.106971672611095587846105479137E-22;
A(  13,   17) = 1.522639396421896180902946933890E-17;
A(  15,   17) = 1.458649449526196480434861614362E-16;
A(  17,   17) = -5.149108404587921009605686682715E-16;
A(  18,   17) = 2.999999999999999888977697537484E-02;
A(  19,   17) = 3.538186908447862502097560418281E-16;
A(   4,   18) = 4.108797541224185991768102866176E-21;
A(   6,   18) = 7.871693395780571852776663236054E-17;
A(  12,   18) = 3.799058030733769036510839817415E-17;
A(  14,   18) = 4.073046244800925428135079413723E-17;
A(  16,   18) = 3.199902813398299062888850797019E-16;
A(  18,   18) = -1.443083110605638103556669686222E-15;
A(  20,   18) = 1.044371786510461283436204524404E-15;
A(  11,   19) = 1.650546923586022174390564032365E+00;
A(  19,   19) = -8.252734617930110871952820161823E-01;
A(  20,   19) = 2.999999999999999888977697537484E-02;
A(  12,   20) = 1.650546923586022174390564032365E+00;
A(  20,   20) = -8.252734617930110871952820161823E-01;
A(  21,   21) = -3.887533261693494335276000128943E+00;
A(  22,   21) = 2.999999999999999888977697537484E-02;
A(  23,   21) = 1.974866896940295157847344853508E+00;
A(  25,   21) = 1.912666364753199177428655275435E+00;
A(  22,   22) = -3.887533261693494335276000128943E+00;
A(  24,   22) = 1.974866896940295157847344853508E+00;
A(  26,   22) = 1.912666364753199177428655275435E+00;
A(  11,   23) = 1.694462948668307800000000000000E+16;
A(  23,   23) = -8.472314743341539000000000000000E+15;
A(  24,   23) = 2.999999999999999888977697537484E-02;
A(  12,   24) = 1.694462948668307800000000000000E+16;
A(  24,   24) = -8.472314743341539000000000000000E+15;
A(  11,   25) = 1.173544376117306858379529104242E-13;
A(  13,   25) = 1.173544376117306858379529104242E-13;
A(  23,   25) = 3.665190021506337625699005557201E-13;
A(  25,   25) = -4.844340184624227479572670777432E-13;
A(  26,   25) = 2.999999999999999888977697537484E-02;
A(  27,   25) = 5.605787000582895900446831836747E-16;
A(   8,   26) = 2.128054443562641481113406616504E-17;
A(  12,   26) = 3.405961183992855821198923339107E-13;
A(  14,   26) = 3.405961183992855821198923339107E-13;
A(  18,   26) = 2.128054443562641481113406616504E-17;
A(  24,   26) = 1.053791802428999435356633245607E-12;
A(  26,   26) = -1.396030594302499093197489709044E-12;
A(  28,   26) = 1.621392929778446018205394402179E-15;
A(  27,   27) = -1.454605546809151233500747536428E-14;
A(  28,   27) = 2.999999999999999888977697537484E-02;
A(  31,   27) = 1.454605546809151233500747536428E-14;
A(  28,   28) = -1.454605546809151233500747536428E-14;
A(  32,   28) = 1.454605546809151233500747536428E-14;
A(  11,   29) = 1.555942259041162047117357047910E-03;
A(  17,   29) = 1.555942259041162047117357047910E-03;
A(  29,   29) = -5.019168577552135523944798478624E-02;
A(  30,   29) = 2.999999999999999888977697537484E-02;
A(  33,   29) = 4.863574351648019405969236572673E-02;
A(  12,   30) = 1.555942259041162047117357047910E-03;
A(  18,   30) = 1.555942259041162047117357047910E-03;
A(  30,   30) = -5.019168577552135523944798478624E-02;
A(  34,   30) = 4.863574351648019405969236572673E-02;
A(   3,   31) = 3.300979116788354387101838571502E-14;
A(   5,   31) = 4.162145341019432373460670698945E-15;
A(   7,   31) = 1.395465461742368561855466040065E-13;
A(  11,   31) = 2.893315516990713330010718318341E-11;
A(  17,   31) = 2.865406207755865943627479617296E-11;
A(  25,   31) = 4.162145341019432373460670698945E-15;
A(  27,   31) = 3.300979116788354387101838571502E-14;
A(  31,   31) = -2.883441207785593850936656274648E-11;
