t = 5.000000000000000000000000000000E+00;
N0 = [
0.000000E+00
0.000000E+00
9.094639E-01
1.227776E+00
3.490508E-12
3.329627E-12
9.634944E-22
8.154105E-21
1.573110E-29
3.889336E-28
5.317010E-12
7.522659E-01
2.077647E-33
4.320941E-32
1.215815E-32
1.022948E-30
3.032148E-36
1.363073E-34
1.644082E-42
2.985631E-43
3.774973E-48
7.253932E-40
6.568278E-49
1.345869E-47
1.703034E-21
4.061924E-20
1.186137E-34
6.399510E-33
1.536713E-45
1.232758E-45
7.431562E-45
7.473751E-45
7.555361E-30
6.491326E-30
7.718937E-32
1.168440E-31
1.801176E-14
2.193520E-14
5.298998E-12
6.558820E-12
5.880279E-26
5.793083E-26
1.661601E-30
2.198123E-30
2.621354E-37
5.377932E-36
9.634694E-22
8.154084E-21
2.050123E-15
2.464065E-15
3.807353E-15
4.498612E-15
1.469809E-30
1.330430E-30
0.000000E+00
7.713518E-20
4.547319E-01
6.138881E-01
1.022728E-15
9.794570E-16
1.380107E-28
1.298396E-28
1.000000E+00
];
N1 = [
0.000000E+00
0.000000E+00
9.094639E-01
1.364196E+00
4.363603E-12
4.609348E-12
2.137439E-21
8.386682E-21
2.955222E-29
4.657919E-28
5.810917E-12
7.522659E-01
4.862416E-33
4.221341E-32
2.590695E-32
1.207148E-30
5.773158E-36
1.526912E-34
1.416878E-39
4.117093E-41
1.003780E-39
7.476197E-42
1.813029E-48
1.316983E-47
4.930401E-21
4.111675E-20
2.770964E-34
7.794686E-33
1.865275E-45
1.535785E-45
9.774115E-45
9.685862E-45
9.818633E-30
7.962854E-30
1.108378E-31
1.102637E-31
1.962685E-14
2.614545E-14
5.791290E-12
7.996543E-12
7.735592E-26
8.484836E-26
2.204836E-30
2.501596E-30
4.466214E-37
5.960351E-36
2.137403E-21
8.386649E-21
2.213318E-15
2.915609E-15
3.665046E-15
4.854364E-15
1.942424E-30
1.658659E-30
1.008863E-22
7.498649E-20
4.547319E-01
6.820979E-01
1.276138E-15
1.352989E-15
1.864537E-28
1.938234E-28
0.000000E+00
];
A = zeros(63, 63);
A(   3,    3) = -1.919701317030292004249233629110E-13;
A(   4,    3) = 2.999999999999999888977697537484E-02;
A(   5,    3) = 1.919701317030292004249233629110E-13;
A(   4,    4) = -1.065648611805286389736956600935E-13;
A(   6,    4) = 1.065648611805286389736956600935E-13;
A(   3,    5) = 1.413523465963566731528064310956E-13;
A(   5,    5) = -1.418810110383640584929057186148E-13;
A(   6,    5) = 2.999999999999999888977697537484E-02;
A(   7,    5) = 5.286644420073816916176008720624E-16;
A(   4,    6) = 1.224208088136037012673120641176E-13;
A(   6,    6) = -1.227947967897568943853807128635E-13;
A(   8,    6) = 3.739879761532050002860336373660E-16;
A(   5,    7) = 4.479378468261911352474699903610E-16;
A(   7,    7) = -1.782834095134042216588420437377E-09;
A(   8,    7) = 2.999999999999999888977697537484E-02;
A(   9,    7) = 1.782833647196195482020225280093E-09;
A(   6,    8) = 3.511810234508235472777899910534E-16;
A(   8,    8) = -1.782833998377218843184701691244E-09;
A(  10,    8) = 1.782833647196195482020225280093E-09;
A(   3,    9) = 3.075955903731209633018100731757E-09;
A(   5,    9) = 1.359332216876860249746268747197E-13;
A(   7,    9) = 3.075955903731209633018100731757E-09;
A(   9,    9) = -3.076023888382473181430992389962E-09;
A(  10,    9) = 2.999999999999999888977697537484E-02;
A(  11,    9) = 1.804041943149769832704673166248E-17;
A(   4,   10) = 1.710048414749791901114762143906E-09;
A(   6,   10) = 1.185554794459851396606352831487E-13;
A(   8,   10) = 1.710048414749791901114762143906E-09;
A(  10,   10) = -1.710107702533725449479395727009E-09;
A(  12,   10) = 1.004421066076483846367984607501E-17;
A(  12,   11) = 2.999999999999999888977697537484E-02;
A(  13,   13) = -8.592378586338786927711907992489E-01;
A(  14,   13) = 2.999999999999999888977697537484E-02;
A(  15,   13) = 8.592378586338786927711907992489E-01;
A(  14,   14) = -8.592378586338786927711907992489E-01;
A(  16,   14) = 8.592378586338786927711907992489E-01;
A(   3,   15) = 1.450092067685979934279139666239E-13;
A(   7,   15) = 5.683387967612777648792318116965E-10;
A(  11,   15) = 5.683728665370913292694959296992E-10;
A(  13,   15) = 1.109394309550269136233196896739E-13;
A(  15,   15) = -5.685063780057464750623633730040E-10;
A(  16,   15) = 2.999999999999999888977697537484E-02;
A(  17,   15) = 2.257203770014319193722252662714E-14;
A(   4,   16) = 1.256163164783476135079542167668E-13;
A(   8,   16) = 3.200648726902335716811789346304E-10;
A(  12,   16) = 3.200943074464216877529198267089E-10;
A(  14,   16) = 9.618156029024368391411530005352E-14;
A(  16,   16) = -3.202031188251345232772830372314E-10;
A(  18,   16) = 1.262981842258108038634800776782E-14;
A(   3,   17) = 1.668557985520841553073286566158E-18;
A(   5,   17) = 3.152933349139782510864453873505E-16;
A(  11,   17) = 1.691669174593192157406917831917E-16;
A(  13,   17) = 1.477949754401798718914090353181E-16;
A(  15,   17) = 1.093954626845789873211463859343E-15;
A(  17,   17) = -2.789737797476496608883558419971E-14;
A(  18,   17) = 2.999999999999999888977697537484E-02;
A(  19,   17) = 2.648646145501967715264392281001E-14;
A(   4,   18) = 2.777848725109736831216651684567E-20;
A(   6,   18) = 2.322463468425912710176760441830E-16;
A(  12,   18) = 1.186094027925772957380911475076E-16;
A(  14,   18) = 1.136647225372650444089492536144E-16;
A(  16,   18) = 8.819143945278468929573986074486E-16;
A(  18,   18) = -1.587502148927596401307682475791E-14;
A(  20,   18) = 1.476083296941827339946580161257E-14;
A(  11,   19) = 1.650546923586022174390564032365E+00;
A(  19,   19) = -8.252734617930110871952820161823E-01;
A(  20,   19) = 2.999999999999999888977697537484E-02;
A(  12,   20) = 1.650546923586022174390564032365E+00;
A(  20,   20) = -8.252734617930110871952820161823E-01;
A(  21,   21) = -3.887533261693494335276000128943E+00;
A(  22,   21) = 2.999999999999999888977697537484E-02;
A(  23,   21) = 1.974866896940295157847344853508E+00;
A(  25,   21) = 1.912666364753199177428655275435E+00;
A(  22,   22) = -3.887533261693494335276000128943E+00;
A(  24,   22) = 1.974866896940295157847344853508E+00;
A(  26,   22) = 1.912666364753199177428655275435E+00;
A(  11,   23) = 1.694462948668307800000000000000E+16;
A(  23,   23) = -8.472314743341539000000000000000E+15;
A(  24,   23) = 2.999999999999999888977697537484E-02;
A(  12,   24) = 1.694462948668307800000000000000E+16;
A(  24,   24) = -8.472314743341539000000000000000E+15;
A(   3,   25) = 8.190448371988680682749944084878E-19;
A(   5,   25) = 2.828849345386553438300515345429E-19;
A(   7,   25) = 9.161846985200021763460234549666E-17;
A(  11,   25) = 9.969845007853177524503025538057E-13;
A(  13,   25) = 9.969845007853177524503025538057E-13;
A(  17,   25) = 9.161846985200021763460234549666E-17;
A(  19,   25) = 2.828849345386553438300515345429E-19;
A(  21,   25) = 8.190448371988680682749944084878E-19;
A(  23,   25) = 3.115477452042890655945555662245E-12;
A(  25,   25) = -4.122111270608032052212426719087E-12;
A(  26,   25) = 2.999999999999999888977697537484E-02;
A(  27,   25) = 9.556597380200005821455841901498E-15;
A(   8,   26) = 5.797338543238066758303121369783E-17;
A(  12,   26) = 8.819016450789441596640861470742E-13;
A(  14,   26) = 8.819016450789441596640861470742E-13;
A(  18,   26) = 5.797338543238066758303121369783E-17;
A(  24,   26) = 2.713710221686275170988800575041E-12;
A(  26,   26) = -3.602368365563086150045509311591E-12;
A(  28,   26) = 6.698525412434616884344621769731E-15;
A(  27,   27) = -1.454605546809151233500747536428E-14;
A(  28,   27) = 2.999999999999999888977697537484E-02;
A(  31,   27) = 1.454605546809151233500747536428E-14;
A(  28,   28) = -1.454605546809151233500747536428E-14;
A(  32,   28) = 1.454605546809151233500747536428E-14;
A(  11,   29) = 1.555942259041162047117357047910E-03;
A(  17,   29) = 1.555942259041162047117357047910E-03;
A(  29,   29) = -5.019168577552135523944798478624E-02;
A(  30,   29) = 2.999999999999999888977697537484E-02;
A(  33,   29) = 4.863574351648019405969236572673E-02;
A(  12,   30) = 1.555942259041162047117357047910E-03;
A(  18,   30) = 1.555942259041162047117357047910E-03;
A(  30,   30) = -5.019168577552135523944798478624E-02;
A(  34,   30) = 4.863574351648019405969236572673E-02;
A(   3,   31) = 2.749383804620175827461296109370E-13;
