t = 5.000000000000000000000000000000E+00;
N0 = [
0.000000E+00
0.000000E+00
5.189294E-01
2.335182E-01
2.248939E-14
2.176451E-14
4.964718E-30
1.001483E-29
4.212303E-38
6.769927E-38
1.026791E-13
1.384169E+00
2.828409E-41
5.500930E-41
5.074297E-41
1.632827E-40
4.211579E-44
2.907813E-44
1.092117E-48
1.683855E-48
4.187944E-48
1.015608E-47
1.179428E-56
2.112958E-56
2.691283E-28
1.769040E-28
3.860975E-43
1.111582E-42
1.278637E-49
1.271835E-49
3.449623E-49
3.869333E-49
5.252258E-33
4.925176E-33
8.013429E-34
4.350602E-34
5.121265E-16
2.680436E-16
1.021670E-13
8.690524E-14
1.699488E-29
3.350198E-29
1.192960E-32
5.849196E-33
1.391511E-48
8.434555E-49
4.866778E-32
2.575453E-32
6.611861E-17
3.210313E-17
3.320710E-16
1.709346E-16
2.780633E-33
2.311947E-33
0.000000E+00
0.000000E+00
2.594647E-01
1.167591E-01
6.741681E-18
6.508506E-18
3.554895E-32
7.049460E-32
1.000000E+00
];
N1 = [
0.000000E+00
0.000000E+00
5.189294E-01
3.113576E-01
3.493446E-14
4.639608E-14
9.792381E-30
2.749864E-29
1.063441E-37
2.359852E-37
1.380217E-13
1.384169E+00
3.578408E-41
8.385836E-41
1.957267E-40
4.878965E-40
4.212977E-44
4.202678E-44
1.690587E-48
2.303312E-48
1.514703E-56
3.900473E-56
1.191400E-56
2.803136E-56
2.798939E-28
2.348974E-28
1.212222E-42
3.037023E-42
9.948495E-50
1.370149E-49
3.449623E-49
4.386778E-49
5.252258E-33
5.714210E-33
7.084787E-34
4.558056E-34
5.890301E-16
3.984278E-16
1.374327E-13
1.533746E-13
3.212050E-29
8.720664E-29
1.446099E-32
8.605900E-33
1.429936E-48
1.271055E-48
4.867709E-32
3.696843E-32
6.778591E-17
4.519516E-17
4.709123E-16
2.388262E-16
2.426814E-33
2.902994E-33
0.000000E+00
0.000000E+00
2.594647E-01
1.556788E-01
1.042339E-17
1.379705E-17
6.789215E-32
1.864217E-31
0.000000E+00
];
A = zeros(63, 63);
A(   3,    3) = -4.795799165638779823657932777820E-15;
A(   4,    3) = 2.999999999999999888977697537484E-02;
A(   5,    3) = 4.795799165638779823657932777820E-15;
A(   4,    4) = -1.491843299941666494322210530299E-14;
A(   6,    4) = 1.491843299941666494322210530299E-14;
A(   3,    5) = 1.772609142689326914116895259818E-14;
A(   5,    5) = -1.775967748541746395791450517398E-14;
A(   6,    5) = 2.999999999999999888977697537484E-02;
A(   7,    5) = 3.358605852419360880229145612372E-17;
A(   4,    6) = 4.708384463304766969639407656186E-14;
A(   6,    6) = -4.718192218308623065274469578813E-14;
A(   8,    6) = 9.807755003856354480046448271328E-17;
A(   5,    7) = 7.050389493417516635182183225342E-17;
A(   7,    7) = -1.782833717700090441572122506501E-09;
A(   8,    7) = 2.999999999999999888977697537484E-02;
A(   9,    7) = 1.782833647196195482020225280093E-09;
A(   6,    8) = 1.132808776228825183367627041107E-16;
A(   8,    8) = -1.782833760477073041286140599052E-09;
A(  10,    8) = 1.782833647196195482020225280093E-09;
A(   3,    9) = 7.734552688736437280276573339691E-11;
A(   5,    9) = 1.767131083623070529386004337270E-14;
A(   7,    9) = 7.734552688736437280276573339691E-11;
A(   9,    9) = -7.735436300147958185718808705360E-11;
A(  10,    9) = 2.999999999999999888977697537484E-02;
A(  11,    9) = 4.586970991608750807371444136402E-19;
A(   4,   10) = 2.404751003351884943435046514902E-10;
A(   6,   10) = 4.604983407930179020075284603662E-14;
A(   8,   10) = 2.404751003351884943435046514902E-10;
A(  10,   10) = -2.404981266765973069042225716770E-10;
A(  12,   10) = 1.424369131127752256003021601588E-18;
A(  12,   11) = 2.999999999999999888977697537484E-02;
A(  13,   13) = -8.592378586338786927711907992489E-01;
A(  14,   13) = 2.999999999999999888977697537484E-02;
A(  15,   13) = 8.592378586338786927711907992489E-01;
A(  14,   14) = -8.592378586338786927711907992489E-01;
A(  16,   14) = 8.592378586338786927711907992489E-01;
A(   3,   15) = 1.743642796124400720684776969433E-14;
A(   7,   15) = 1.533233649900702306557151422166E-11;
A(  11,   15) = 1.533680585559327088608392143493E-11;
A(  13,   15) = 1.296707137499718697006837666849E-14;
A(  15,   15) = -1.535036246441685156618762608008E-11;
A(  16,   15) = 2.999999999999999888977697537484E-02;
A(  17,   15) = 5.895374485856335104873593924811E-16;
A(   4,   16) = 4.766382303892376826452151326274E-14;
A(   8,   16) = 4.753881545413249516628723690717E-11;
A(  12,   16) = 4.755021578293965362917872814272E-11;
A(  14,   16) = 3.626349423176666221378725785175E-14;
A(  16,   16) = -4.758830512939184157060029696501E-11;
A(  18,   16) = 1.825852220425493697167707693222E-15;
A(   5,   17) = 4.210026851369006938052963241424E-17;
A(  11,   17) = 1.654755893457269586203883772745E-17;
A(  13,   17) = 2.555270957911737659997870570637E-17;
A(  15,   17) = 2.213194312681469749330612667309E-16;
A(  17,   17) = -9.423342426375251743603391427257E-16;
A(  18,   17) = 2.999999999999999888977697537484E-02;
A(  19,   17) = 6.789145428556881053948449554239E-16;
A(   6,   18) = 4.739759694548443085717004382809E-17;
A(  12,   18) = 1.952913843260368631350830910708E-17;
A(  14,   18) = 2.786845851288074762514964574059E-17;
A(  16,   18) = 2.512357744319571750029808562596E-16;
A(  18,   18) = -2.405400025052655670199720254363E-15;
A(  20,   18) = 2.106766653675213743864826608240E-15;
A(  11,   19) = 1.650546923586022174390564032365E+00;
A(  19,   19) = -8.252734617930110871952820161823E-01;
A(  20,   19) = 2.999999999999999888977697537484E-02;
A(  12,   20) = 1.650546923586022174390564032365E+00;
A(  20,   20) = -8.252734617930110871952820161823E-01;
A(  21,   21) = -3.887533261693494335276000128943E+00;
A(  22,   21) = 2.999999999999999888977697537484E-02;
A(  23,   21) = 1.974866896940295157847344853508E+00;
A(  25,   21) = 1.912666364753199177428655275435E+00;
A(  22,   22) = -3.887533261693494335276000128943E+00;
A(  24,   22) = 1.974866896940295157847344853508E+00;
A(  26,   22) = 1.912666364753199177428655275435E+00;
A(  11,   23) = 1.694462948668307800000000000000E+16;
A(  23,   23) = -8.472314743341539000000000000000E+15;
A(  24,   23) = 2.999999999999999888977697537484E-02;
A(  12,   24) = 1.694462948668307800000000000000E+16;
A(  24,   24) = -8.472314743341539000000000000000E+15;
A(  11,   25) = 1.111455015585081131190651430307E-13;
A(  13,   25) = 1.111455015585081131190651430307E-13;
A(  23,   25) = 3.606335166528154905891864618940E-13;
A(  25,   25) = -4.723811806798985066193482214188E-13;
A(  26,   25) = 2.999999999999999888977697537484E-02;
A(  27,   25) = 6.021624685748846686881832581651E-16;
A(   8,   26) = 6.447964112926188675292020654891E-18;
A(  12,   26) = 3.218569315274838548965440281396E-13;
A(  14,   26) = 3.218569315274838548965440281396E-13;
A(  18,   26) = 6.447964112926188675292020654891E-18;
A(  24,   26) = 1.011039241812040900664234544191E-12;
A(  26,   26) = -1.334662709984898621513040440655E-12;
A(  28,   26) = 1.760088681260963402450713712633E-15;
A(  27,   27) = -1.454605546809151233500747536428E-14;
A(  28,   27) = 2.999999999999999888977697537484E-02;
A(  31,   27) = 1.454605546809151233500747536428E-14;
A(  28,   28) = -1.454605546809151233500747536428E-14;
A(  32,   28) = 1.454605546809151233500747536428E-14;
A(  11,   29) = 1.555942259041162047117357047910E-03;
A(  17,   29) = 1.555942259041162047117357047910E-03;
A(  29,   29) = -5.019168577552135523944798478624E-02;
A(  30,   29) = 2.999999999999999888977697537484E-02;
A(  33,   29) = 4.863574351648019405969236572673E-02;
A(  12,   30) = 1.555942259041162047117357047910E-03;
A(  18,   30) = 1.555942259041162047117357047910E-03;
A(  30,   30) = -5.019168577552135523944798478624E-02;
A(  34,   30) = 4.863574351648019405969236572673E-02;
A(   3,   31) = 3.130867370329094794657324079438E-14;
A(   5,   31) = 3.873745604999443347418044515319E-15;
A(   7,   31) = 1.351726966736462053025323558091E-13;
A(  11,   31) = 5.639381221912778472325970394172E-11;
A(  17,   31) = 5.612346682578049291849981443984E-11;
A(  25,   31) = 3.873745604999443347418044515319E-15;
A(  27,   31) = 3.130867370329094794657324079438E-14;
A(  31,   31) = -5.630102882094747798845085496343E-11;
A(  32,   31) = 2.999999999999999888977697537484E-02;
