t = 5.000000000000000000000000000000E+00;
N0 = [
0.000000E+00
0.000000E+00
5.189294E-01
1.556788E-01
1.338738E-14
8.259027E-15
2.044968E-30
2.669237E-30
1.199591E-38
1.247761E-38
6.664300E-14
1.384169E+00
7.150731E-44
1.472961E-41
2.066216E-43
2.413436E-41
2.592712E-58
3.369957E-45
5.295342E-69
3.167171E-49
0.000000E+00
1.992997E-48
2.700819E-59
6.511073E-57
6.141824E-31
5.177392E-29
1.300276E-45
1.905956E-43
0.000000E+00
8.331389E-51
5.014557E-59
2.704495E-50
6.497632E-53
7.409158E-34
4.762787E-38
1.737336E-34
2.160521E-17
8.994746E-17
6.662140E-14
4.004291E-14
7.186209E-30
9.288578E-30
3.904041E-37
1.653900E-33
0.000000E+00
5.875056E-50
9.182077E-41
3.523829E-33
2.149592E-20
9.002051E-18
8.903118E-18
7.077740E-17
9.814345E-35
6.459004E-34
0.000000E+00
0.000000E+00
2.594647E-01
7.783941E-02
4.044064E-18
2.485759E-18
1.499524E-32
1.936624E-32
1.000000E+00
];
N1 = [
0.000000E+00
0.000000E+00
5.189294E-01
2.335182E-01
2.248939E-14
2.176451E-14
4.964718E-30
1.001483E-29
4.212303E-38
6.769927E-38
1.026791E-13
1.384169E+00
2.828409E-41
5.500930E-41
5.074297E-41
1.632827E-40
4.211579E-44
2.907813E-44
1.092117E-48
1.683855E-48
4.187944E-48
1.015608E-47
1.179428E-56
2.112958E-56
2.691283E-28
1.769040E-28
3.860975E-43
1.111582E-42
1.278637E-49
1.271835E-49
3.449623E-49
3.869333E-49
5.252258E-33
4.925176E-33
8.013429E-34
4.350602E-34
5.121265E-16
2.680436E-16
1.021670E-13
8.690524E-14
1.699488E-29
3.350198E-29
1.192960E-32
5.849196E-33
1.391511E-48
8.434555E-49
4.866778E-32
2.575453E-32
6.611861E-17
3.210313E-17
3.320710E-16
1.709346E-16
2.780633E-33
2.311947E-33
0.000000E+00
0.000000E+00
2.594647E-01
1.167591E-01
6.741681E-18
6.508506E-18
3.554895E-32
7.049460E-32
0.000000E+00
];
A = zeros(63, 63);
A(   3,    3) = -3.484119521674761946884409023840E-15;
A(   4,    3) = 2.999999999999999888977697537484E-02;
A(   5,    3) = 3.484119521674761946884409023840E-15;
A(   4,    4) = -1.109809454343370683104500362596E-14;
A(   6,    4) = 1.109809454343370683104500362596E-14;
A(   3,    5) = 1.829161762272278422584222329273E-14;
A(   5,    5) = -1.832401861292361806869968192262E-14;
A(   6,    5) = 2.999999999999999888977697537484E-02;
A(   7,    5) = 3.240099020083421879898377427747E-17;
A(   4,    6) = 4.558819271470049086192010766018E-14;
A(   6,    6) = -4.568220258663740485319897930293E-14;
A(   8,    6) = 9.400987193691107002833199618973E-17;
A(   5,    7) = 8.316732688487325155763323426014E-17;
A(   7,    7) = -1.782833730363522309443152997002E-09;
A(   8,    7) = 2.999999999999999888977697537484E-02;
A(   9,    7) = 1.782833647196195482020225280093E-09;
A(   6,    8) = 1.231648829066221224435267114865E-16;
A(   8,    8) = -1.782833770361078375715185462150E-09;
A(  10,    8) = 1.782833647196195482020225280093E-09;
A(   3,    9) = 5.638619445322397907062400728876E-11;
A(   5,    9) = 1.848947421056531379146110880703E-14;
A(   7,    9) = 5.638619445322397907062400728876E-11;
A(   9,    9) = -5.639543952625563148534711210798E-11;
A(  10,    9) = 2.999999999999999888977697537484E-02;
A(  11,    9) = 3.359263719420656909469353660532E-19;
A(   4,   10) = 1.795201840953519983151034170382E-10;
A(   6,   10) = 4.409008561469466913692135042169E-14;
A(   8,   10) = 1.795201840953519983151034170382E-10;
A(  10,   10) = -1.795422302060951410812092844498E-10;
A(  12,   10) = 1.067935793890269405688674956530E-18;
A(  12,   11) = 2.999999999999999888977697537484E-02;
A(  13,   13) = -8.592378586338786927711907992489E-01;
A(  14,   13) = 2.999999999999999888977697537484E-02;
A(  15,   13) = 8.592378586338786927711907992489E-01;
A(  14,   14) = -8.592378586338786927711907992489E-01;
A(  16,   14) = 8.592378586338786927711907992489E-01;
A(   3,   15) = 1.745675623642196278066493580583E-14;
A(   7,   15) = 1.161776890957081800540436456453E-11;
A(  11,   15) = 1.162252346245444530715532442410E-11;
A(  13,   15) = 1.270220335279407727263521268956E-14;
A(  15,   15) = -1.163566358297851381480025221290E-11;
A(  16,   15) = 2.999999999999999888977697537484E-02;
A(  17,   15) = 4.379171712742686558070058068927E-16;
A(   4,   16) = 4.695448959365916518515116850311E-14;
A(   8,   16) = 3.663218564316138803795395405712E-11;
A(  12,   16) = 3.664315960728139679962443652686E-11;
A(  14,   16) = 3.598052547365029622958558870573E-14;
A(  16,   16) = -3.668052515658429692923901924212E-11;
A(  18,   16) = 1.385023829248332774340169882106E-15;
A(   3,   17) = 2.204505062034152436665014647772E-19;
A(   5,   17) = 1.245815147242773544673315040737E-16;
A(  11,   17) = 7.915081292678987546942448288187E-17;
A(  13,   17) = 4.565115230369088085636040916530E-17;
A(  15,   17) = 2.374482645195745477517753189198E-16;
A(  17,   17) = -8.609765488738662195622519932353E-16;
A(  18,   17) = 2.999999999999999888977697537484E-02;
A(  19,   17) = 4.987263191238110017663532908165E-16;
A(   4,   18) = 3.556303383826447851162735164512E-19;
A(   6,   18) = 9.972362436927875868959274915842E-17;
A(  12,   18) = 5.414496039631742396697147963196E-17;
A(  14,   18) = 4.593429431134397714847336116854E-17;
A(  16,   18) = 3.024271157674036839268101826307E-16;
A(  18,   18) = -1.987239188846382504215906311327E-15;
A(  20,   18) = 1.584732818371317086372956897781E-15;
A(  11,   19) = 1.650546923586022174390564032365E+00;
A(  19,   19) = -8.252734617930110871952820161823E-01;
A(  20,   19) = 2.999999999999999888977697537484E-02;
A(  12,   20) = 1.650546923586022174390564032365E+00;
A(  20,   20) = -8.252734617930110871952820161823E-01;
A(  21,   21) = -3.887533261693494335276000128943E+00;
A(  22,   21) = 2.999999999999999888977697537484E-02;
A(  23,   21) = 1.974866896940295157847344853508E+00;
A(  25,   21) = 1.912666364753199177428655275435E+00;
A(  22,   22) = -3.887533261693494335276000128943E+00;
A(  24,   22) = 1.974866896940295157847344853508E+00;
A(  26,   22) = 1.912666364753199177428655275435E+00;
A(  11,   23) = 1.694462948668307800000000000000E+16;
A(  23,   23) = -8.472314743341539000000000000000E+15;
A(  24,   23) = 2.999999999999999888977697537484E-02;
A(  12,   24) = 1.694462948668307800000000000000E+16;
A(  24,   24) = -8.472314743341539000000000000000E+15;
A(   3,   25) = 6.382485510378229593581175968477E-20;
A(   7,   25) = 6.281119743070925399561832326517E-17;
A(  11,   25) = 1.174969044862621985990343684646E-13;
A(  13,   25) = 1.174969044862621985990343684646E-13;
A(  17,   25) = 6.281119743070925399561832326517E-17;
A(  21,   25) = 6.382485510378229593581175968477E-20;
A(  23,   25) = 3.712908775449434104608413752561E-13;
A(  25,   25) = -4.894247915743795717379304996425E-13;
A(  26,   25) = 2.999999999999999888977697537484E-02;
A(  27,   25) = 5.741345208881338216690819797115E-16;
A(   4,   26) = 2.337268695312283534780815918936E-19;
A(   8,   26) = 4.408358193733524209361089065714E-17;
A(  12,   26) = 3.278780249018208034711901593967E-13;
A(  14,   26) = 3.278780249018208034711901593967E-13;
A(  18,   26) = 4.408358193733524209361089065714E-17;
A(  22,   26) = 2.337268695312283534780815918936E-19;
A(  24,   26) = 1.011941049110968075912603844276E-12;
A(  26,   26) = -1.341548204996068355187755063069E-12;
A(  28,   26) = 1.684813674472744487670044239462E-15;
A(  27,   27) = -1.454605546809151233500747536428E-14;
A(  28,   27) = 2.999999999999999888977697537484E-02;
A(  31,   27) = 1.454605546809151233500747536428E-14;
A(  28,   28) = -1.454605546809151233500747536428E-14;
A(  32,   28) = 1.454605546809151233500747536428E-14;
A(  11,   29) = 1.555942259041162047117357047910E-03;
A(  17,   29) = 1.555942259041162047117357047910E-03;
A(  29,   29) = -5.019168577552135523944798478624E-02;
A(  30,   29) = 2.999999999999999888977697537484E-02;
A(  33,   29) = 4.863574351648019405969236572673E-02;
A(  12,   30) = 1.555942259041162047117357047910E-03;
A(  18,   30) = 1.555942259041162047117357047910E-03;
A(  30,   30) = -5.019168577552135523944798478624E-02;
A(  34,   30) = 4.863574351648019405969236572673E-02;
A(   3,   31) = 3.295368722940512447714166409770E-14;
