t = 5.000000000000000000000000000000E+00;
N0 = [
0.000000E+00
0.000000E+00
5.189294E-01
7.005547E-01
1.438373E-13
4.681415E-13
8.447192E-29
6.271467E-28
1.799251E-36
1.044908E-35
2.876392E-13
1.384169E+00
3.566227E-41
5.289799E-40
9.831023E-40
6.710833E-39
7.245976E-44
9.564289E-43
9.646342E-50
5.417441E-47
9.374755E-99
3.067871E-55
1.099198E-56
1.764487E-55
3.407504E-28
1.759851E-27
6.329177E-42
5.130039E-41
5.679991E-50
8.623024E-48
3.449636E-49
3.643391E-47
5.282913E-33
1.245213E-31
4.877433E-36
3.967503E-33
8.196856E-16
2.658334E-15
2.868196E-13
7.146171E-13
2.149642E-28
1.476315E-27
5.580637E-34
8.398389E-32
2.760075E-48
1.013825E-46
7.364980E-32
8.823565E-31
8.528466E-17
3.191068E-16
1.075079E-16
6.308856E-16
7.448583E-34
5.954929E-32
0.000000E+00
0.000000E+00
2.594647E-01
3.502773E-01
4.227765E-17
1.370855E-16
4.918220E-31
3.465360E-30
1.000000E+00
];
N1 = [
0.000000E+00
0.000000E+00
5.189294E-01
7.783941E-01
1.780342E-13
6.606260E-13
1.172041E-28
1.005033E-27
2.692970E-36
1.796123E-35
3.156005E-13
1.384169E+00
3.631574E-41
5.711915E-40
1.136799E-39
9.204465E-39
1.213723E-43
1.077009E-42
1.650953E-48
4.700690E-47
3.390677E-107
1.109593E-63
1.174376E-56
1.879011E-55
3.541978E-28
1.981430E-27
7.600221E-42
7.410555E-41
2.688902E-49
8.203151E-48
9.485486E-49
4.167361E-47
7.991817E-33
1.330575E-31
9.517583E-34
3.406439E-33
1.064152E-15
3.013008E-15
3.145364E-13
8.631060E-13
2.807351E-28
2.180104E-27
2.064541E-32
7.909253E-32
6.780782E-48
1.173184E-46
1.354002E-31
9.862470E-31
1.146200E-16
3.533454E-16
3.706730E-16
7.737356E-16
1.275475E-32
5.926859E-32
0.000000E+00
0.000000E+00
2.594647E-01
3.891970E-01
5.221761E-17
1.930539E-16
6.558633E-31
5.274116E-30
0.000000E+00
];
A = zeros(63, 63);
A(   3,    3) = -1.316870059983809682542624494950E-14;
A(   4,    3) = 2.999999999999999888977697537484E-02;
A(   5,    3) = 1.316870059983809682542624494950E-14;
A(   4,    4) = -4.552578768340077677898898829313E-14;
A(   6,    4) = 4.552578768340077677898898829313E-14;
A(   3,    5) = 1.412784463739928689653754184104E-14;
A(   5,    5) = -1.416849218735803186459152161503E-14;
A(   6,    5) = 2.999999999999999888977697537484E-02;
A(   7,    5) = 4.064754995874445036401072269138E-17;
A(   4,    6) = 3.755128577805958559988201624665E-14;
A(   6,    6) = -3.768028502260194654667963548316E-14;
A(   8,    6) = 1.289992445423610454052323891348E-16;
A(   5,    7) = 5.390956284951078587696581970496E-17;
A(   7,    7) = -1.782833701105758370481961287647E-09;
A(   8,    7) = 2.999999999999999888977697537484E-02;
A(   9,    7) = 1.782833647196195482020225280093E-09;
A(   6,    8) = 9.662804663186352720096078460572E-17;
A(   8,    8) = -1.782833743824242136890769848260E-09;
A(  10,    8) = 1.782833647196195482020225280093E-09;
A(   3,    9) = 2.110425896124324707789671572828E-10;
A(   5,    9) = 1.416837742857780819044008504477E-14;
A(   7,    9) = 2.110425896124324707789671572828E-10;
A(   9,    9) = -2.110496750402720997374868104143E-10;
A(  10,    9) = 2.999999999999999888977697537484E-02;
A(  11,    9) = 1.239125334855812771348099313913E-18;
A(   4,   10) = 7.295051376934540714574291334061E-10;
A(   6,   10) = 3.700766344303562757877017219130E-14;
A(   8,   10) = 7.295051376934540714574291334061E-10;
A(  10,   10) = -7.295236458048958326121217691899E-10;
A(  12,   10) = 4.279720223947369571189533798899E-18;
A(  12,   11) = 2.999999999999999888977697537484E-02;
A(  13,   13) = -8.592378586338786927711907992489E-01;
A(  14,   13) = 2.999999999999999888977697537484E-02;
A(  15,   13) = 8.592378586338786927711907992489E-01;
A(  14,   14) = -8.592378586338786927711907992489E-01;
A(  16,   14) = 8.592378586338786927711907992489E-01;
A(   3,   15) = 1.359314787614289615432811257224E-14;
A(   7,   15) = 3.903582083228096213145481666412E-11;
A(  11,   15) = 3.903943014895169465650267026227E-11;
A(  13,   15) = 9.983831205412646181325171811972E-15;
A(  15,   15) = -3.905096762432921044271363929605E-11;
A(  16,   15) = 2.999999999999999888977697537484E-02;
A(  17,   15) = 1.553644172107273660787220062339E-15;
A(   4,   16) = 3.790360848590215799266547872613E-14;
A(   8,   16) = 1.350521346186216961812188458531E-10;
A(  12,   16) = 1.350613246329502927144670755202E-10;
A(  14,   16) = 2.871359415731086278084647911730E-14;
A(  16,   16) = -1.350953954928537398220815540236E-10;
A(  18,   16) = 5.357265746153412813512349121517E-15;
A(   3,   17) = 2.197307262192463718203834468309E-20;
A(   5,   17) = 7.086479317005111319129385761431E-17;
A(  11,   17) = 4.404522384682936581472040815085E-17;
A(  13,   17) = 2.684154239584366413248904351100E-17;
A(  15,   17) = 1.637482520829749119599449184665E-16;
A(  17,   17) = -2.054779645735232461725841532585E-15;
A(  18,   17) = 2.999999999999999888977697537484E-02;
A(  19,   17) = 1.820144627409584692382010179553E-15;
A(   4,   18) = 1.686873109935574085194435869929E-20;
A(   6,   18) = 5.563087751101542540265002310652E-17;
A(  12,   18) = 2.813977948475608142333929573101E-17;
A(  14,   18) = 2.750796675735870327109600669817E-17;
A(  16,   18) = 2.263829149243770920139432241867E-16;
A(  18,   18) = -6.565627995980502554905406129501E-15;
A(  20,   18) = 6.283597334814010533367095784965E-15;
A(  11,   19) = 1.650546923586022174390564032365E+00;
A(  19,   19) = -8.252734617930110871952820161823E-01;
A(  20,   19) = 2.999999999999999888977697537484E-02;
A(  12,   20) = 1.650546923586022174390564032365E+00;
A(  20,   20) = -8.252734617930110871952820161823E-01;
A(  21,   21) = -3.887533261693494335276000128943E+00;
A(  22,   21) = 2.999999999999999888977697537484E-02;
A(  23,   21) = 1.974866896940295157847344853508E+00;
A(  25,   21) = 1.912666364753199177428655275435E+00;
A(  22,   22) = -3.887533261693494335276000128943E+00;
A(  24,   22) = 1.974866896940295157847344853508E+00;
A(  26,   22) = 1.912666364753199177428655275435E+00;
A(  11,   23) = 1.694462948668307800000000000000E+16;
A(  23,   23) = -8.472314743341539000000000000000E+15;
A(  24,   23) = 2.999999999999999888977697537484E-02;
A(  12,   24) = 1.694462948668307800000000000000E+16;
A(  24,   24) = -8.472314743341539000000000000000E+15;
A(   7,   25) = 2.814970398020080087193537963846E-17;
A(  11,   25) = 8.891562177227899932300393439434E-14;
A(  13,   25) = 8.891562177227899932300393439434E-14;
A(  17,   25) = 2.814970398020080087193537963846E-17;
A(  23,   25) = 2.809074387372101108783719384098E-13;
A(  25,   25) = -3.705834132712883387460933183944E-13;
A(  26,   25) = 2.999999999999999888977697537484E-02;
A(  27,   25) = 7.322030578190240152451378769443E-16;
A(   8,   26) = 1.130214183164101328947323388205E-17;
A(  12,   26) = 2.538050352980683515608103913595E-13;
A(  14,   26) = 2.538050352980683515608103913595E-13;
A(  18,   26) = 1.130214183164101328947323388205E-17;
A(  24,   26) = 8.034387427393006437304930207745E-13;
A(  26,   26) = -1.059583988441134934565242257370E-12;
A(  28,   26) = 2.328908261934157693956078977393E-15;
A(  27,   27) = -1.454605546809151233500747536428E-14;
A(  28,   27) = 2.999999999999999888977697537484E-02;
A(  31,   27) = 1.454605546809151233500747536428E-14;
A(  28,   28) = -1.454605546809151233500747536428E-14;
A(  32,   28) = 1.454605546809151233500747536428E-14;
A(  11,   29) = 1.555942259041162047117357047910E-03;
A(  17,   29) = 1.555942259041162047117357047910E-03;
A(  29,   29) = -5.019168577552135523944798478624E-02;
A(  30,   29) = 2.999999999999999888977697537484E-02;
A(  33,   29) = 4.863574351648019405969236572673E-02;
A(  12,   30) = 1.555942259041162047117357047910E-03;
A(  18,   30) = 1.555942259041162047117357047910E-03;
A(  30,   30) = -5.019168577552135523944798478624E-02;
A(  34,   30) = 4.863574351648019405969236572673E-02;
A(   3,   31) = 2.505633120161951607655233042380E-14;
A(   5,   31) = 3.156053047285137877839734893049E-15;
A(   7,   31) = 1.075222773254597686448046292533E-13;
A(  11,   31) = 1.530723811277841460900429325872E-10;
A(  17,   31) = 1.528573365731332220594016071898E-10;
