t = 5.000000000000000000000000000000E+00;
N0 = [
0.000000E+00
0.000000E+00
5.189294E-01
5.448759E-01
8.798214E-14
2.189676E-13
4.086901E-29
2.222479E-28
7.167545E-37
3.045692E-36
2.372851E-13
1.384169E+00
3.944239E-41
2.931468E-40
6.700520E-40
2.866692E-39
7.245970E-44
3.405075E-43
9.414012E-49
1.520560E-47
7.166498E-82
5.979156E-48
1.244531E-56
9.842738E-56
3.240230E-28
9.301749E-28
4.046026E-42
1.970637E-41
9.382690E-50
2.007990E-48
3.449629E-49
8.363250E-48
5.282913E-33
4.961025E-32
3.791845E-34
1.408938E-33
8.196516E-16
1.512441E-15
2.364654E-13
4.479740E-13
1.174197E-28
5.969372E-28
9.122472E-33
3.018331E-32
2.792258E-48
2.693224E-47
7.364980E-32
3.432742E-31
8.528466E-17
1.784806E-16
2.842119E-16
4.333959E-16
2.960713E-33
1.957696E-32
0.000000E+00
0.000000E+00
2.594647E-01
2.724379E-01
2.599453E-17
6.441812E-17
2.580298E-31
1.340091E-30
1.000000E+00
];
N1 = [
0.000000E+00
0.000000E+00
5.189294E-01
6.227153E-01
1.142702E-13
3.225124E-13
5.964574E-29
3.783011E-28
1.161131E-36
5.816630E-36
2.627038E-13
1.384169E+00
3.688870E-41
4.334397E-40
8.294364E-40
4.486511E-39
7.245976E-44
6.800308E-43
3.888248E-49
3.893441E-47
2.591991E-90
8.482238E-47
1.150191E-56
1.506798E-55
3.352301E-28
1.510313E-27
5.149971E-42
3.255528E-41
7.300246E-50
6.071335E-48
3.449632E-49
2.648508E-47
5.282913E-33
1.101597E-31
8.731822E-35
3.319393E-33
8.196775E-16
2.174889E-15
2.618842E-13
5.745645E-13
1.609502E-28
9.593098E-28
2.297638E-33
6.017497E-32
2.776120E-48
6.762332E-47
7.364980E-32
6.645258E-31
8.528466E-17
2.638535E-16
1.747999E-16
5.392661E-16
1.606977E-33
4.707292E-32
0.000000E+00
0.000000E+00
2.594647E-01
3.113576E-01
3.366355E-17
9.465914E-17
3.610673E-31
2.193953E-30
0.000000E+00
];
A = zeros(63, 63);
A(   3,    3) = -1.013166198294341899058456824315E-14;
A(   4,    3) = 2.999999999999999888977697537484E-02;
A(   5,    3) = 1.013166198294341899058456824315E-14;
A(   4,    4) = -3.025404793317793463542574694299E-14;
A(   6,    4) = 3.025404793317793463542574694299E-14;
A(   3,    5) = 1.319846496202928649348712361786E-14;
A(   5,    5) = -1.323560020642394590941559245539E-14;
A(   6,    5) = 2.999999999999999888977697537484E-02;
A(   7,    5) = 3.713524439466010001878508387947E-17;
A(   4,    6) = 3.913405101099429366390022563486E-14;
A(   6,    6) = -3.924429016834483188247274535956E-14;
A(   8,    6) = 1.102391573505387116105854878370E-16;
A(   5,    7) = 2.375975943588234342175432740190E-17;
A(   7,    7) = -1.782833670955955000727765279948E-09;
A(   8,    7) = 2.999999999999999888977697537484E-02;
A(   9,    7) = 1.782833647196195482020225280093E-09;
A(   6,    8) = 1.180771519532942060527280810019E-16;
A(   8,    8) = -1.782833765273347474276863087366E-09;
A(  10,    8) = 1.782833647196195482020225280093E-09;
A(   3,    9) = 1.624988199898337936224695688490E-10;
A(   5,    9) = 1.289655260535827263246539151192E-14;
A(   7,    9) = 1.624988199898337936224695688490E-10;
A(   9,    9) = -1.625052692218112395966565207628E-10;
A(  10,    9) = 2.999999999999999888977697537484E-02;
A(  11,    9) = 9.556747619611559068940022467854E-19;
A(   4,   10) = 4.853039783873355187909739694152E-10;
A(   6,   10) = 3.792609333659818755789654668905E-14;
A(   8,   10) = 4.853039783873355187909739694152E-10;
A(  10,   10) = -4.853229442889135898963984384706E-10;
A(  12,   10) = 2.854909784312988017216979747718E-18;
A(  12,   11) = 2.999999999999999888977697537484E-02;
A(  13,   13) = -8.592378586338786927711907992489E-01;
A(  14,   13) = 2.999999999999999888977697537484E-02;
A(  15,   13) = 8.592378586338786927711907992489E-01;
A(  14,   14) = -8.592378586338786927711907992489E-01;
A(  16,   14) = 8.592378586338786927711907992489E-01;
A(   3,   15) = 1.362666646404758067287249634580E-14;
A(   7,   15) = 3.039049576758508572928215709183E-11;
A(  11,   15) = 3.039364883682742903815129052905E-11;
A(  13,   15) = 1.047359722170698548525301939931E-14;
A(  15,   15) = -3.040532519251981633188085909029E-11;
A(  16,   15) = 2.999999999999999888977697537484E-02;
A(  17,   15) = 1.202758470682601660182245623750E-15;
A(   4,   16) = 3.977716791442766387966550736539E-14;
A(   8,   16) = 9.114082280822760829408445533645E-11;
A(  12,   16) = 9.115031424462807141156412858371E-11;
A(  14,   16) = 3.028573151397002425011811481278E-14;
A(  16,   16) = -9.118419206647559947094873088262E-11;
A(  18,   16) = 3.592090333568863039269247704070E-15;
A(   5,   17) = 2.686410730995907422264449758098E-18;
A(  11,   17) = 1.767558690908952111591276977597E-23;
A(  13,   17) = 2.686393055408998491602579151329E-18;
A(  15,   17) = 3.274830919405489882631055239703E-17;
A(  17,   17) = -1.441072539394508137195420532804E-15;
A(  18,   17) = 2.999999999999999888977697537484E-02;
A(  19,   17) = 1.405637819469457216161420845170E-15;
A(   4,   18) = 4.275493501552249932965458779266E-19;
A(   6,   18) = 1.079092380047927602796865704048E-16;
A(  12,   18) = 6.298655493569595943052990621304E-17;
A(  14,   18) = 4.535023241925201394983580347849E-17;
A(  16,   18) = 2.699201435266984547563795447090E-16;
A(  18,   18) = -4.577244603265775446083200970289E-15;
A(  20,   18) = 4.198987672384128999457528249771E-15;
A(  11,   19) = 1.650546923586022174390564032365E+00;
A(  19,   19) = -8.252734617930110871952820161823E-01;
A(  20,   19) = 2.999999999999999888977697537484E-02;
A(  12,   20) = 1.650546923586022174390564032365E+00;
A(  20,   20) = -8.252734617930110871952820161823E-01;
A(  21,   21) = -3.887533261693494335276000128943E+00;
A(  22,   21) = 2.999999999999999888977697537484E-02;
A(  23,   21) = 1.974866896940295157847344853508E+00;
A(  25,   21) = 1.912666364753199177428655275435E+00;
A(  22,   22) = -3.887533261693494335276000128943E+00;
A(  24,   22) = 1.974866896940295157847344853508E+00;
A(  26,   22) = 1.912666364753199177428655275435E+00;
A(  11,   23) = 1.694462948668307800000000000000E+16;
A(  23,   23) = -8.472314743341539000000000000000E+15;
A(  24,   23) = 2.999999999999999888977697537484E-02;
A(  12,   24) = 1.694462948668307800000000000000E+16;
A(  24,   24) = -8.472314743341539000000000000000E+15;
A(  11,   25) = 9.515664055271932571815605261803E-14;
A(  13,   25) = 9.515664055271932571815605261803E-14;
A(  23,   25) = 2.906892767317218801064028069593E-13;
A(  25,   25) = -3.865157332902596232132929084765E-13;
A(  26,   25) = 2.999999999999999888977697537484E-02;
A(  27,   25) = 6.698160058183799178410509011383E-16;
A(   4,   26) = 2.230509121733815473615869927113E-19;
A(   8,   26) = 5.410212069416447742916576567268E-17;
A(  12,   26) = 2.708046123259427048796437762362E-13;
A(  14,   26) = 2.708046123259427048796437762362E-13;
A(  18,   26) = 5.410212069416447742916576567268E-17;
A(  22,   26) = 2.230509121733815473615869927113E-19;
A(  24,   26) = 8.452600250646996091591762415691E-13;
A(  26,   26) = -1.118124391313234359193073351328E-12;
A(  28,   26) = 2.005428750985769025327828415067E-15;
A(  27,   27) = -1.454605546809151233500747536428E-14;
A(  28,   27) = 2.999999999999999888977697537484E-02;
A(  31,   27) = 1.454605546809151233500747536428E-14;
A(  28,   28) = -1.454605546809151233500747536428E-14;
A(  32,   28) = 1.454605546809151233500747536428E-14;
A(  11,   29) = 1.555942259041162047117357047910E-03;
A(  17,   29) = 1.555942259041162047117357047910E-03;
A(  29,   29) = -5.019168577552135523944798478624E-02;
A(  30,   29) = 2.999999999999999888977697537484E-02;
A(  33,   29) = 4.863574351648019405969236572673E-02;
A(  12,   30) = 1.555942259041162047117357047910E-03;
A(  18,   30) = 1.555942259041162047117357047910E-03;
A(  30,   30) = -5.019168577552135523944798478624E-02;
A(  34,   30) = 4.863574351648019405969236572673E-02;
A(   3,   31) = 2.611981789167598516135274952728E-14;
A(   5,   31) = 2.827175875962419251726918628773E-15;
A(   7,   31) = 1.100212653081563709012637046176E-13;
A(  11,   31) = 1.179597471281661962122971221771E-10;
A(  17,   31) = 1.177397045975498807946784042582E-10;
A(  25,   31) = 2.827175875962419251726918628773E-15;
