t = 5.000000000000000000000000000000E+00;
N0 = [
0.000000E+00
0.000000E+00
9.094639E-01
8.185175E-01
1.593570E-12
1.018747E-12
1.254539E-22
7.889118E-21
1.170535E-30
1.730427E-28
3.710565E-12
7.522659E-01
6.600043E-35
4.632780E-32
1.405869E-34
4.525015E-31
1.912419E-37
7.594406E-35
5.934397E-45
6.169768E-41
2.091745E-41
9.948104E-40
2.703204E-50
1.443979E-47
6.264952E-23
4.021746E-20
1.351897E-36
2.695058E-33
5.199657E-46
5.174499E-46
2.076569E-45
2.259245E-45
3.131047E-30
2.716005E-30
1.019693E-31
5.869067E-32
1.310770E-14
1.075098E-14
3.697457E-12
3.017509E-12
2.131179E-26
1.391968E-26
1.892316E-30
1.303352E-30
2.729598E-38
3.074464E-36
1.254464E-22
7.889114E-21
1.514380E-15
1.230033E-15
4.288717E-15
3.636517E-15
9.834504E-31
5.223853E-31
0.000000E+00
8.398307E-20
4.547319E-01
4.092587E-01
4.704361E-16
3.022794E-16
4.690889E-29
2.980310E-29
1.000000E+00
];
N1 = [
0.000000E+00
0.000000E+00
9.094639E-01
9.549371E-01
2.106157E-12
1.570228E-12
1.254579E-22
7.907939E-21
2.288870E-30
2.437109E-28
4.258595E-12
7.522659E-01
8.183700E-35
4.489949E-32
4.772731E-34
6.467743E-31
2.366830E-37
9.831824E-35
5.304650E-45
1.000756E-42
7.565458E-50
3.609395E-48
2.601192E-50
1.402733E-47
6.265200E-23
4.022686E-20
3.852317E-36
3.856199E-33
4.536548E-46
7.139139E-46
2.077271E-45
3.104685E-45
3.134172E-30
3.327492E-30
7.370421E-32
6.706011E-32
1.395259E-14
1.397772E-14
4.244643E-12
4.060028E-12
3.111571E-26
2.373177E-26
1.773538E-30
1.515832E-30
3.032354E-38
3.870931E-36
1.254464E-22
7.907931E-21
1.555713E-15
1.591701E-15
4.866937E-15
3.777938E-15
8.468302E-31
6.782196E-31
0.000000E+00
8.163543E-20
4.547319E-01
4.774685E-01
6.201028E-16
4.644400E-16
6.971933E-29
5.147583E-29
0.000000E+00
];
A = zeros(63, 63);
A(   3,    3) = -1.127138783531096052832677897447E-13;
A(   4,    3) = 2.999999999999999888977697537484E-02;
A(   5,    3) = 1.127138783531096052832677897447E-13;
A(   4,    4) = -6.177118097858933710559677735764E-14;
A(   6,    4) = 6.177118097858933710559677735764E-14;
A(   3,    5) = 1.600685875553375055112368394300E-13;
A(   5,    5) = -1.605078064045884752539320114803E-13;
A(   6,    5) = 2.999999999999999888977697537484E-02;
A(   7,    5) = 4.392188492509655518716130636787E-16;
A(   4,    6) = 1.319992770104900230472800054881E-13;
A(   6,    6) = -1.323228575774335052661741748653E-13;
A(   8,    6) = 3.235805669434719143985949277492E-16;
A(   5,    7) = 4.330869412530068037689473706714E-16;
A(   7,    7) = -1.782834080283136802290042993615E-09;
A(   8,    7) = 2.999999999999999888977697537484E-02;
A(   9,    7) = 1.782833647196195482020225280093E-09;
A(   6,    8) = 3.831931560743657343999322274471E-16;
A(   8,    8) = -1.782834030389351533291810160647E-09;
A(  10,    8) = 1.782833647196195482020225280093E-09;
A(   3,    9) = 1.808910521492805357197486242071E-09;
A(   5,    9) = 1.552339164942217990876465131065E-13;
A(   7,    9) = 1.808910521492805357197486242071E-09;
A(   9,    9) = -1.808988149098380582164081883066E-09;
A(  10,    9) = 2.999999999999999888977697537484E-02;
A(  11,    9) = 1.064732807938570502532618854784E-17;
A(   4,   10) = 9.941948901094586641423414590446E-10;
A(   6,   10) = 1.262500042468974251199615751914E-13;
A(   8,   10) = 9.941948901094586641423414590446E-10;
A(  10,   10) = -9.942580209747476764935359598921E-10;
A(  12,   10) = 5.863165591705814030501715813924E-18;
A(  12,   11) = 2.999999999999999888977697537484E-02;
A(  13,   13) = -8.592378586338786927711907992489E-01;
A(  14,   13) = 2.999999999999999888977697537484E-02;
A(  15,   13) = 8.592378586338786927711907992489E-01;
A(  14,   14) = -8.592378586338786927711907992489E-01;
A(  16,   14) = 8.592378586338786927711907992489E-01;
A(   3,   15) = 1.641406463234589393388958510060E-13;
A(   7,   15) = 3.413828536767068177620304819387E-10;
A(  11,   15) = 3.414214068882845924702945956540E-10;
A(  13,   15) = 1.255874347456633294162373997902E-13;
A(  15,   15) = -3.415604132667996687739915922491E-10;
A(  16,   15) = 2.999999999999999888977697537484E-02;
A(  17,   15) = 1.341894376937845688299034470562E-14;
A(   4,   16) = 1.365430320675966465149523568691E-13;
A(   8,   16) = 1.919115276193705561951479619427E-10;
A(  12,   16) = 1.919430630363163331739657184506E-10;
A(  14,   16) = 1.050076151218308884547117125845E-13;
A(  16,   16) = -1.920555255505741836034769073741E-10;
A(  18,   16) = 7.454899136040112971163564477462E-15;
A(   3,   17) = 7.397077518605751953352020015620E-24;
A(   5,   17) = 2.380236563541617389430752522797E-16;
A(  11,   17) = 1.116318688399699662010140512544E-16;
A(  13,   17) = 1.263917949112692863027927040556E-16;
A(  15,   17) = 1.113454917244013335097098237683E-15;
A(  17,   17) = -1.702138265361904930610860640203E-14;
A(  18,   17) = 2.999999999999999888977697537484E-02;
A(  19,   17) = 1.566990407262379962743228941151E-14;
A(   4,   18) = 2.750148765436345012551593094424E-20;
A(   6,   18) = 2.714800616221946473402674289972E-16;
A(  12,   18) = 1.399466729796499807079329577588E-16;
A(  14,   18) = 1.315608901301990513278746861910E-16;
A(  16,   18) = 9.676256040817500401984082160672E-16;
A(  18,   18) = -9.881162468713756143588598564808E-15;
A(  20,   18) = 8.642029301522158254645740536308E-15;
A(  11,   19) = 1.650546923586022174390564032365E+00;
A(  19,   19) = -8.252734617930110871952820161823E-01;
A(  20,   19) = 2.999999999999999888977697537484E-02;
A(  12,   20) = 1.650546923586022174390564032365E+00;
A(  20,   20) = -8.252734617930110871952820161823E-01;
A(  21,   21) = -3.887533261693494335276000128943E+00;
A(  22,   21) = 2.999999999999999888977697537484E-02;
A(  23,   21) = 1.974866896940295157847344853508E+00;
A(  25,   21) = 1.912666364753199177428655275435E+00;
A(  22,   22) = -3.887533261693494335276000128943E+00;
A(  24,   22) = 1.974866896940295157847344853508E+00;
A(  26,   22) = 1.912666364753199177428655275435E+00;
A(  11,   23) = 1.694462948668307800000000000000E+16;
A(  23,   23) = -8.472314743341539000000000000000E+15;
A(  24,   23) = 2.999999999999999888977697537484E-02;
A(  12,   24) = 1.694462948668307800000000000000E+16;
A(  24,   24) = -8.472314743341539000000000000000E+15;
A(   7,   25) = 2.042015144386617403781797862815E-17;
A(  11,   25) = 1.125358600057066740819440205432E-12;
A(  13,   25) = 1.125358600057066740819440205432E-12;
A(  17,   25) = 2.042015144386617403781797862815E-17;
A(  23,   25) = 3.517543875809109250203244716894E-12;
A(  25,   25) = -4.650904990069163968130085957847E-12;
A(  26,   25) = 2.999999999999999888977697537484E-02;
A(  27,   25) = 7.982094051544505601090397196836E-15;
A(   8,   26) = 8.607052480130505845860917585060E-17;
A(  12,   26) = 9.586115121028539033744124701795E-13;
A(  14,   26) = 9.586115121028539033744124701795E-13;
A(  18,   26) = 8.607052480130505845860917585060E-17;
A(  24,   26) = 2.954342438533099617068993614428E-12;
A(  26,   26) = -3.918811717842796451213347914841E-12;
A(  28,   26) = 5.771696682041436434169774591691E-15;
A(  27,   27) = -1.454605546809151233500747536428E-14;
A(  28,   27) = 2.999999999999999888977697537484E-02;
A(  31,   27) = 1.454605546809151233500747536428E-14;
A(  28,   28) = -1.454605546809151233500747536428E-14;
A(  32,   28) = 1.454605546809151233500747536428E-14;
A(  11,   29) = 1.555942259041162047117357047910E-03;
A(  17,   29) = 1.555942259041162047117357047910E-03;
A(  29,   29) = -5.019168577552135523944798478624E-02;
A(  30,   29) = 2.999999999999999888977697537484E-02;
A(  33,   29) = 4.863574351648019405969236572673E-02;
A(  12,   30) = 1.555942259041162047117357047910E-03;
A(  18,   30) = 1.555942259041162047117357047910E-03;
A(  30,   30) = -5.019168577552135523944798478624E-02;
A(  34,   30) = 4.863574351648019405969236572673E-02;
A(   3,   31) = 3.106980436684402243389111564343E-13;
A(   5,   31) = 3.370937414061782774769195014491E-14;
A(   7,   31) = 1.321888281780791007083233115211E-12;
A(  11,   31) = 1.313642348882582544336589909842E-09;
A(  17,   31) = 1.310998572319020865791092193527E-09;
