t = 5.000000000000000000000000000000E+00;
N0 = [
0.000000E+00
0.000000E+00
9.094639E-01
5.456783E-01
8.061033E-13
3.435100E-13
2.125394E-23
7.753496E-21
2.841847E-31
3.295838E-29
2.544045E-12
7.522659E-01
1.450136E-36
3.584822E-32
8.029303E-36
6.168148E-32
3.608960E-38
1.676562E-35
1.262664E-45
2.367858E-37
8.843753E-52
1.560567E-38
4.602237E-52
1.509929E-47
1.004258E-24
4.000850E-20
5.282350E-38
4.907776E-34
1.030399E-46
7.768395E-47
2.895499E-46
3.095300E-46
6.277085E-31
1.127992E-30
5.527003E-32
3.332536E-32
8.058717E-15
4.739685E-15
2.535986E-12
1.374853E-12
8.161485E-27
3.543415E-27
1.110808E-30
5.887655E-31
5.761260E-39
6.517280E-37
2.125136E-23
7.753495E-21
9.198933E-16
5.474538E-16
3.792052E-15
2.300985E-15
3.893510E-31
1.811859E-31
0.000000E+00
8.888284E-20
4.547319E-01
2.728392E-01
2.397148E-16
1.027679E-16
1.743413E-29
7.420559E-30
1.000000E+00
];
N1 = [
0.000000E+00
0.000000E+00
9.094639E-01
6.820979E-01
1.154628E-12
6.149256E-13
2.607792E-23
7.877752E-21
4.951463E-31
1.026656E-28
3.128142E-12
7.522659E-01
2.473875E-36
4.700423E-32
1.603569E-35
2.528346E-31
6.306672E-38
4.513367E-35
2.566537E-45
3.822060E-39
4.534474E-43
8.680882E-39
8.717359E-52
1.476722E-47
1.979287E-24
4.021262E-20
1.073999E-37
1.564061E-33
2.228089E-46
2.354893E-46
8.040745E-46
1.117729E-45
1.412676E-30
2.048469E-30
7.489685E-32
4.444368E-32
1.033083E-14
7.469818E-15
3.117812E-12
2.121180E-12
1.375965E-26
7.468744E-27
1.312189E-30
8.945350E-31
1.026587E-38
1.836874E-36
2.607337E-23
7.877750E-21
1.188774E-15
8.514298E-16
3.785307E-15
2.961209E-15
6.098272E-31
3.147267E-31
0.000000E+00
8.639823E-20
4.547319E-01
3.410490E-01
3.420490E-16
1.831868E-16
2.977005E-29
1.579367E-29
0.000000E+00
];
A = zeros(63, 63);
A(   3,    3) = -7.659133147936088245186004888521E-14;
A(   4,    3) = 2.999999999999999888977697537484E-02;
A(   5,    3) = 7.659133147936088245186004888521E-14;
A(   4,    4) = -4.047431689529011454654779045466E-14;
A(   6,    4) = 4.047431689529011454654779045466E-14;
A(   3,    5) = 1.674690761268386422775848405986E-13;
A(   5,    5) = -1.678725500742921214795456807256E-13;
A(   6,    5) = 2.999999999999999888977697537484E-02;
A(   7,    5) = 4.034739474534685523386196432531E-16;
A(   4,    6) = 1.402778708081776488743962738803E-13;
A(   6,    6) = -1.405809765261228100752848683609E-13;
A(   8,    6) = 3.031057179451596724705906149782E-16;
A(   5,    7) = 5.433400972777246859577429272339E-16;
A(   7,    7) = -1.782834190536292816848777229748E-09;
A(   8,    7) = 2.999999999999999888977697537484E-02;
A(   9,    7) = 1.782833647196195482020225280093E-09;
A(   6,    8) = 4.384644025785886657742118996993E-16;
A(   8,    8) = -1.782834085660598053032720224369E-09;
A(  10,    8) = 1.782833647196195482020225280093E-09;
A(   3,    9) = 1.231927629489083306433534744176E-09;
A(   5,    9) = 1.600858031325125842743636122722E-13;
A(   7,    9) = 1.231927629489083306433534744176E-09;
A(   9,    9) = -1.232007679667954991880286720780E-09;
A(  10,    9) = 2.999999999999999888977697537484E-02;
A(  11,    9) = 7.277305548174227277892313917139E-18;
A(   4,   10) = 6.542024548234863284866994882045E-10;
A(   6,   10) = 1.362972510993732815303713523079E-13;
A(   8,   10) = 6.542024548234863284866994882045E-10;
A(  10,   10) = -6.542706073236602134197203145115E-10;
A(  12,   10) = 3.874624168028161679650742140488E-18;
A(  12,   11) = 2.999999999999999888977697537484E-02;
A(  13,   13) = -8.592378586338786927711907992489E-01;
A(  14,   13) = 2.999999999999999888977697537484E-02;
A(  15,   13) = 8.592378586338786927711907992489E-01;
A(  14,   14) = -8.592378586338786927711907992489E-01;
A(  16,   14) = 8.592378586338786927711907992489E-01;
A(   3,   15) = 1.726504221354791623873853188222E-13;
A(   7,   15) = 2.383408472652369162831128921999E-10;
A(  11,   15) = 2.383811509711079323164985576566E-10;
A(  13,   15) = 1.323467162644575249338491720864E-13;
A(  15,   15) = -2.385227497162241281350856718049E-10;
A(  16,   15) = 2.999999999999999888977697537484E-02;
A(  17,   15) = 9.252028851724703157589828612520E-15;
A(   4,   16) = 1.433439614748002939172985420342E-13;
A(   8,   16) = 1.311532758680610847250026238165E-10;
A(  12,   16) = 1.311874535694618020485812039477E-10;
A(  14,   16) = 1.091662600740771390789070171406E-13;
A(  16,   16) = -1.313016167456350836378685117083E-10;
A(  18,   16) = 4.996916099200127250640132332202E-15;
A(   3,   17) = 1.353483222362089909984932724969E-18;
A(   5,   17) = 3.640658260185835410186180646414E-16;
A(  11,   17) = 1.744772057479766727577158403542E-16;
A(  13,   17) = 1.909421034929689699190598177744E-16;
A(  15,   17) = 1.378736489588123727594683386092E-15;
A(  17,   17) = -1.248371283389323500613168510078E-14;
A(  18,   17) = 2.999999999999999888977697537484E-02;
A(  19,   17) = 1.073955703506416620285400168416E-14;
A(   4,   18) = 1.499124174698202121318970062607E-18;
A(   6,   18) = 3.278689834152443371586825862394E-16;
A(  12,   18) = 1.728005247391561126231992827061E-16;
A(  14,   18) = 1.565675828507864168345595572210E-16;
A(  16,   18) = 1.136126370608525179108024468955E-15;
A(  18,   18) = -7.194693409724040227761819735825E-15;
A(  20,   18) = 5.729198931525572864322682461136E-15;
A(  11,   19) = 1.650546923586022174390564032365E+00;
A(  19,   19) = -8.252734617930110871952820161823E-01;
A(  20,   19) = 2.999999999999999888977697537484E-02;
A(  12,   20) = 1.650546923586022174390564032365E+00;
A(  20,   20) = -8.252734617930110871952820161823E-01;
A(  21,   21) = -3.887533261693494335276000128943E+00;
A(  22,   21) = 2.999999999999999888977697537484E-02;
A(  23,   21) = 1.974866896940295157847344853508E+00;
A(  25,   21) = 1.912666364753199177428655275435E+00;
A(  22,   22) = -3.887533261693494335276000128943E+00;
A(  24,   22) = 1.974866896940295157847344853508E+00;
A(  26,   22) = 1.912666364753199177428655275435E+00;
A(  11,   23) = 1.694462948668307800000000000000E+16;
A(  23,   23) = -8.472314743341539000000000000000E+15;
A(  24,   23) = 2.999999999999999888977697537484E-02;
A(  12,   24) = 1.694462948668307800000000000000E+16;
A(  24,   24) = -8.472314743341539000000000000000E+15;
A(   3,   25) = 9.137827903128316700079185734417E-19;
A(   7,   25) = 1.361284994352507842438984474229E-16;
A(  11,   25) = 1.210686155139811704749002611138E-12;
A(  13,   25) = 1.210686155139811704749002611138E-12;
A(  17,   25) = 1.361284994352507842438984474229E-16;
A(  21,   25) = 9.137827903128316700079185734417E-19;
A(  23,   25) = 3.731455325325067907820478135148E-12;
A(  25,   25) = -4.949595681926567869618988740748E-12;
A(  26,   25) = 2.999999999999999888977697537484E-02;
A(  27,   25) = 7.317159179462714047400061856510E-15;
A(   4,   26) = 8.394604432218200922260355474031E-19;
A(   8,   26) = 1.052179876139294039581453763105E-16;
A(  12,   26) = 1.008842573978660390439176861584E-12;
A(  14,   26) = 1.008842573978660390439176861584E-12;
A(  18,   26) = 1.052179876139294039581453763105E-16;
A(  22,   26) = 8.394604432218200922260355474031E-19;
A(  24,   26) = 3.111276063203266084679879177154E-12;
A(  26,   26) = -4.125576769914997286297658158163E-12;
A(  28,   26) = 5.352075285013703350857109410087E-15;
A(  27,   27) = -1.454605546809151233500747536428E-14;
A(  28,   27) = 2.999999999999999888977697537484E-02;
A(  31,   27) = 1.454605546809151233500747536428E-14;
A(  28,   28) = -1.454605546809151233500747536428E-14;
A(  32,   28) = 1.454605546809151233500747536428E-14;
A(  11,   29) = 1.555942259041162047117357047910E-03;
A(  17,   29) = 1.555942259041162047117357047910E-03;
A(  29,   29) = -5.019168577552135523944798478624E-02;
A(  30,   29) = 2.999999999999999888977697537484E-02;
A(  33,   29) = 4.863574351648019405969236572673E-02;
A(  12,   30) = 1.555942259041162047117357047910E-03;
A(  18,   30) = 1.555942259041162047117357047910E-03;
A(  30,   30) = -5.019168577552135523944798478624E-02;
A(  34,   30) = 4.863574351648019405969236572673E-02;
A(   3,   31) = 3.329133987997916131161775089423E-13;
