t = 5.000000000000000000000000000000E+00;
N0 = [
0.000000E+00
0.000000E+00
9.094639E-01
0.000000E+00
0.000000E+00
0.000000E+00
0.000000E+00
0.000000E+00
0.000000E+00
0.000000E+00
0.000000E+00
7.522659E-01
0.000000E+00
0.000000E+00
0.000000E+00
0.000000E+00
0.000000E+00
0.000000E+00
0.000000E+00
0.000000E+00
0.000000E+00
0.000000E+00
0.000000E+00
0.000000E+00
0.000000E+00
0.000000E+00
0.000000E+00
0.000000E+00
0.000000E+00
0.000000E+00
0.000000E+00
0.000000E+00
0.000000E+00
0.000000E+00
0.000000E+00
0.000000E+00
0.000000E+00
0.000000E+00
0.000000E+00
0.000000E+00
0.000000E+00
0.000000E+00
0.000000E+00
0.000000E+00
0.000000E+00
0.000000E+00
0.000000E+00
0.000000E+00
0.000000E+00
0.000000E+00
0.000000E+00
0.000000E+00
0.000000E+00
0.000000E+00
0.000000E+00
0.000000E+00
4.547319E-01
0.000000E+00
0.000000E+00
0.000000E+00
0.000000E+00
0.000000E+00
1.000000E+00
];
N1 = [
0.000000E+00
0.000000E+00
9.094639E-01
1.364196E-01
1.319923E-13
1.308940E-14
1.187655E-28
1.178719E-29
3.528986E-37
3.950194E-38
6.514648E-13
7.522659E-01
5.340508E-40
4.408990E-41
8.222056E-40
8.295793E-41
1.752938E-43
9.663812E-45
3.529482E-47
1.760942E-48
0.000000E+00
0.000000E+00
2.377799E-55
1.667983E-56
4.919427E-28
4.338290E-29
6.554692E-42
5.797121E-43
1.577864E-48
6.602468E-50
3.421972E-48
1.340103E-49
2.408237E-32
1.227348E-33
1.917411E-32
9.605454E-34
2.373571E-15
2.233931E-16
6.490913E-13
8.641209E-14
4.217605E-28
4.412368E-29
2.037540E-31
1.430241E-32
3.758569E-47
1.645829E-48
5.138113E-31
2.991424E-32
2.875527E-16
2.491022E-17
1.605631E-15
1.689825E-16
3.689237E-32
2.564376E-33
0.000000E+00
0.000000E+00
4.547319E-01
6.820979E-02
3.981286E-17
4.001285E-18
8.712421E-31
9.001874E-32
0.000000E+00
];
A = zeros(63, 63);
A(   3,    3) = -2.896463880440863580319500653784E-14;
A(   4,    3) = 2.999999999999999888977697537484E-02;
A(   5,    3) = 2.896463880440863580319500653784E-14;
A(   4,    4) = -9.343649384868523308470344953238E-15;
A(   6,    4) = 9.343649384868523308470344953238E-15;
A(   3,    5) = 1.868853922288305206364730013038E-13;
A(   5,    5) = -1.872447652711190854079048386343E-13;
A(   6,    5) = 2.999999999999999888977697537484E-02;
A(   7,    5) = 3.593730422885612708615704122011E-16;
A(   4,    6) = 1.469400039364998800502673365881E-13;
A(   6,    6) = -1.472079680076748447609006276739E-13;
A(   8,    6) = 2.679640711749678660769119697911E-16;
A(   5,    7) = 6.030476814597621880875250276651E-16;
A(   7,    7) = -1.782834250243876879375922978423E-09;
A(   8,    7) = 2.999999999999999888977697537484E-02;
A(   9,    7) = 1.782833647196195482020225280093E-09;
A(   6,    8) = 4.139829088532479817250581338644E-16;
A(   8,    8) = -1.782834061179104424718574858552E-09;
A(  10,    8) = 1.782833647196195482020225280093E-09;
A(   3,    9) = 4.721804761214417024946582291506E-10;
A(   5,    9) = 1.814396581489290940365614028753E-13;
A(   7,    9) = 4.721804761214417024946582291506E-10;
A(   9,    9) = -4.722711987800080997826279594477E-10;
A(  10,    9) = 2.999999999999999888977697537484E-02;
A(  11,    9) = 2.829491988512452943005025393825E-18;
A(   4,   10) = 1.574151421184148447023144258040E-10;
A(   6,   10) = 1.424588703894291449655955449837E-13;
A(   8,   10) = 1.574151421184148447023144258040E-10;
A(  10,   10) = -1.574863725152927214746302276091E-10;
A(  12,   10) = 9.616831594784589406884063603129E-19;
A(  12,   11) = 2.999999999999999888977697537484E-02;
A(  13,   13) = -8.592378586338786927711907992489E-01;
A(  14,   13) = 2.999999999999999888977697537484E-02;
A(  15,   13) = 8.592378586338786927711907992489E-01;
A(  14,   14) = -8.592378586338786927711907992489E-01;
A(  16,   14) = 8.592378586338786927711907992489E-01;
A(   3,   15) = 1.902972718998361910828149248571E-13;
A(   7,   15) = 1.028994276772058012759020688054E-10;
A(  11,   15) = 1.029447632698281109224476641895E-10;
A(  13,   15) = 1.449616792775285892646858736610E-13;
A(  15,   15) = -1.030934816215394305333856855325E-10;
A(  16,   15) = 2.999999999999999888977697537484E-02;
A(  17,   15) = 3.756672433796847411120526523836E-15;
A(   4,   16) = 1.510044563787435491272944872512E-13;
A(   8,   16) = 4.150497847465972932572655308154E-11;
A(  12,   16) = 4.154056341884440381370173973975E-11;
A(  14,   16) = 1.154195121940718884295921411492E-13;
A(  16,   16) = -4.165737714224042660564671596708E-11;
A(  18,   16) = 1.394211201952118755608579156390E-15;
A(   3,   17) = 1.668468405015295352295823976313E-19;
A(   5,   17) = 4.448074471610009197748719755580E-16;
A(  11,   17) = 2.306161173909314475553234212747E-16;
A(  13,   17) = 2.143581766105710184622204042402E-16;
A(  15,   17) = 1.525378744539550347767709723400E-15;
A(  17,   17) = -6.194592330640429547275776898947E-15;
A(  18,   17) = 2.999999999999999888977697537484E-02;
A(  19,   17) = 4.224239292099376906053846367128E-15;
A(   4,   18) = 1.931101368257708873238307223804E-23;
A(   6,   18) = 1.738190276956962844022417206454E-16;
A(  12,   18) = 6.803597645653437484120732440566E-17;
A(  14,   18) = 1.057830705501755861353671866007E-16;
A(  16,   18) = 9.381080409512744783731778178347E-16;
A(  18,   18) = -2.565934084107978491631719943314E-15;
A(  20,   18) = 1.454006996149994409734565292744E-15;
A(  11,   19) = 1.650546923586022174390564032365E+00;
A(  19,   19) = -8.252734617930110871952820161823E-01;
A(  20,   19) = 2.999999999999999888977697537484E-02;
A(  12,   20) = 1.650546923586022174390564032365E+00;
A(  20,   20) = -8.252734617930110871952820161823E-01;
A(  21,   21) = -3.887533261693494335276000128943E+00;
A(  22,   21) = 2.999999999999999888977697537484E-02;
A(  23,   21) = 1.974866896940295157847344853508E+00;
A(  25,   21) = 1.912666364753199177428655275435E+00;
A(  22,   22) = -3.887533261693494335276000128943E+00;
A(  24,   22) = 1.974866896940295157847344853508E+00;
A(  26,   22) = 1.912666364753199177428655275435E+00;
A(  11,   23) = 1.694462948668307800000000000000E+16;
A(  23,   23) = -8.472314743341539000000000000000E+15;
A(  24,   23) = 2.999999999999999888977697537484E-02;
A(  12,   24) = 1.694462948668307800000000000000E+16;
A(  24,   24) = -8.472314743341539000000000000000E+15;
A(   7,   25) = 1.702198185176658853763297848683E-16;
A(  11,   25) = 1.319865772291712016492461415983E-12;
A(  13,   25) = 1.319865772291712016492461415983E-12;
A(  17,   25) = 1.702198185176658853763297848683E-16;
A(  23,   25) = 4.095083210054691532422277572069E-12;
A(  25,   25) = -5.421498020573492739678386639652E-12;
A(  26,   25) = 2.999999999999999888977697537484E-02;
A(  27,   25) = 6.378818408570931211136336427105E-15;
A(   8,   26) = 2.838310879192905369019051253264E-17;
A(  12,   26) = 1.062783833755597557956102613845E-12;
A(  14,   26) = 1.062783833755597557956102613845E-12;
A(  18,   26) = 2.838310879192905369019051253264E-17;
A(  24,   26) = 3.257430117055958796506689351121E-12;
A(  26,   26) = -4.324825593269573602750206445096E-12;
A(  28,   26) = 4.583259349225039188102936157698E-15;
A(  27,   27) = -1.454605546809151233500747536428E-14;
A(  28,   27) = 2.999999999999999888977697537484E-02;
A(  31,   27) = 1.454605546809151233500747536428E-14;
A(  28,   28) = -1.454605546809151233500747536428E-14;
A(  32,   28) = 1.454605546809151233500747536428E-14;
A(  11,   29) = 1.555942259041162047117357047910E-03;
A(  17,   29) = 1.555942259041162047117357047910E-03;
A(  29,   29) = -5.019168577552135523944798478624E-02;
A(  30,   29) = 2.999999999999999888977697537484E-02;
A(  33,   29) = 4.863574351648019405969236572673E-02;
A(  12,   30) = 1.555942259041162047117357047910E-03;
A(  18,   30) = 1.555942259041162047117357047910E-03;
A(  30,   30) = -5.019168577552135523944798478624E-02;
A(  34,   30) = 4.863574351648019405969236572673E-02;
A(   3,   31) = 3.651441837005804103228557483673E-13;
A(   5,   31) = 3.923891806229170499762709622359E-14;
A(   7,   31) = 1.548096007366987009495516129254E-12;
A(  11,   31) = 3.457079598613879483543723591748E-10;
A(  17,   31) = 3.426117678466539553522325036778E-10;
