t = 5.000000000000000000000000000000E+00;
N0 = [
0.000000E+00
0.000000E+00
9.094639E-01
2.728392E-01
2.975946E-13
6.429071E-14
5.144940E-28
1.059344E-28
2.948838E-36
6.696735E-37
1.284321E-12
7.522659E-01
1.664863E-39
3.213696E-40
5.410843E-39
1.157991E-39
4.267637E-43
1.213945E-43
8.440005E-47
1.881899E-47
0.000000E+00
0.000000E+00
6.168192E-55
1.164999E-55
1.288659E-27
2.929400E-28
3.518496E-41
6.905170E-42
2.931314E-48
8.761192E-49
6.518289E-48
1.899257E-48
4.718859E-32
1.106744E-32
2.188382E-32
6.583717E-33
3.584060E-15
1.034642E-15
1.280737E-12
3.508281E-13
1.776712E-27
3.830914E-28
3.672319E-31
1.050332E-31
8.708487E-47
2.578854E-47
8.835553E-31
2.565674E-31
3.899939E-16
1.120695E-16
2.776088E-15
7.763931E-16
8.480236E-32
2.158336E-32
0.000000E+00
0.000000E+00
4.547319E-01
1.364196E-01
8.941239E-17
1.945136E-17
3.700526E-30
7.889433E-31
1.000000E+00
];
N1 = [
0.000000E+00
0.000000E+00
9.094639E-01
4.092587E-01
5.139640E-13
1.679937E-13
2.125264E-23
1.594248E-24
9.472973E-32
9.475554E-33
1.919402E-12
7.522659E-01
1.156698E-36
8.848695E-38
2.078332E-36
2.092283E-37
1.393539E-38
1.275050E-39
7.398865E-46
9.202533E-47
2.445175E-43
1.784710E-45
4.793065E-52
2.861376E-53
1.002536E-24
7.586965E-26
1.703144E-38
1.498043E-39
4.537116E-47
8.382318E-48
1.600390E-46
2.033410E-47
5.304390E-31
7.154046E-32
3.810959E-32
1.209843E-32
6.061204E-15
2.477886E-15
1.913341E-12
7.766839E-13
4.250726E-27
1.386657E-27
5.945980E-31
2.511078E-31
2.396265E-39
2.165340E-40
2.125136E-23
1.593853E-24
7.059542E-16
2.838286E-16
2.861928E-15
1.372278E-15
2.297035E-31
7.147948E-32
0.000000E+00
0.000000E+00
4.547319E-01
2.046294E-01
1.536216E-16
5.051172E-17
8.959882E-30
2.879510E-30
0.000000E+00
];
A = zeros(63, 63);
A(   3,    3) = -4.752013374705388717984798260827E-14;
A(   4,    3) = 2.999999999999999888977697537484E-02;
A(   5,    3) = 4.752013374705388717984798260827E-14;
A(   4,    4) = -2.506861578273547365776932136664E-14;
A(   6,    4) = 2.506861578273547365776932136664E-14;
A(   3,    5) = 1.869369358359120147275141836064E-13;
A(   5,    5) = -1.873141432453386234308165314401E-13;
A(   6,    5) = 2.999999999999999888977697537484E-02;
A(   7,    5) = 3.772074094266095414670596310500E-16;
A(   4,    6) = 1.416210962612337358267267277667E-13;
A(   6,    6) = -1.419074786681888251192032624501E-13;
A(   8,    6) = 2.863824069550934833000936700614E-16;
A(   5,    7) = 4.974247397921138911207808519301E-16;
A(   7,    7) = -1.782834144620935274320287574506E-09;
A(   8,    7) = 2.999999999999999888977697537484E-02;
A(   9,    7) = 1.782833647196195482020225280093E-09;
A(   6,    8) = 3.727145364313168860734648526294E-16;
A(   8,    8) = -1.782834019910731965022390395120E-09;
A(  10,    8) = 1.782833647196195482020225280093E-09;
A(   3,    9) = 7.678590024833289254226474543179E-10;
A(   5,    9) = 1.827532096704901432108362684501E-13;
A(   7,    9) = 7.678590024833289254226474543179E-10;
A(   9,    9) = -7.679503836516682827839281092440E-10;
A(  10,    9) = 2.999999999999999888977697537484E-02;
A(  11,    9) = 4.563504111541645587135844783369E-18;
A(   4,   10) = 4.084379360880574972015742524857E-10;
A(   6,   10) = 1.359506243368940734729960546935E-13;
A(   8,   10) = 4.084379360880574972015742524857E-10;
A(  10,   10) = -4.085059138329248966253380386909E-10;
A(  12,   10) = 2.432698929147789762369401431465E-18;
A(  12,   11) = 2.999999999999999888977697537484E-02;
A(  13,   13) = -8.592378586338786927711907992489E-01;
A(  14,   13) = 2.999999999999999888977697537484E-02;
A(  15,   13) = 8.592378586338786927711907992489E-01;
A(  14,   14) = -8.592378586338786927711907992489E-01;
A(  16,   14) = 8.592378586338786927711907992489E-01;
A(   3,   15) = 1.899325784756244672544489894955E-13;
A(   7,   15) = 1.557070384446492909378605868045E-10;
A(  11,   15) = 1.557524288132806544187231755820E-10;
A(  13,   15) = 1.445422098442596737273139242272E-13;
A(  15,   15) = -1.559028697809146636417664220231E-10;
A(  16,   15) = 2.999999999999999888977697537484E-02;
A(  17,   15) = 5.898757789748828297065144824137E-15;
A(   4,   16) = 1.477532816141903999162067870631E-13;
A(   8,   16) = 8.696754111170927496775109928091E-11;
A(  12,   16) = 8.700126110104738295035678605444E-11;
A(  14,   16) = 1.140332922760780501765487100198E-13;
A(  16,   16) = -8.711850850816305174304063017583E-11;
A(  18,   16) = 3.214114839587667921917312483364E-15;
A(   3,   17) = 1.591674161535997964081050635539E-18;
A(   5,   17) = 3.756860955338603454813761696372E-16;
A(  11,   17) = 1.994156037826988730960809961586E-16;
A(  13,   17) = 1.778621659126974483937748580996E-16;
A(  15,   17) = 1.193089310060714435691292684359E-15;
A(  17,   17) = -8.338612015934819555396398945519E-15;
A(  18,   17) = 2.999999999999999888977697537484E-02;
A(  19,   17) = 6.768244936178709266601412881878E-15;
A(   4,   18) = 8.263399189830995706467340798631E-20;
A(   6,   18) = 3.633163277150683571416365563460E-16;
A(  12,   18) = 2.159683504108701543181510969050E-16;
A(  14,   18) = 1.474306112960964952184764524679E-16;
A(  16,   18) = 9.400022637188167985294278030500E-16;
A(  18,   18) = -4.917491628819714066864661656046E-15;
A(  20,   18) = 3.614090403393929928545314235238E-15;
A(  11,   19) = 1.650546923586022174390564032365E+00;
A(  19,   19) = -8.252734617930110871952820161823E-01;
A(  20,   19) = 2.999999999999999888977697537484E-02;
A(  12,   20) = 1.650546923586022174390564032365E+00;
A(  20,   20) = -8.252734617930110871952820161823E-01;
A(  21,   21) = -3.887533261693494335276000128943E+00;
A(  22,   21) = 2.999999999999999888977697537484E-02;
A(  23,   21) = 1.974866896940295157847344853508E+00;
A(  25,   21) = 1.912666364753199177428655275435E+00;
A(  22,   22) = -3.887533261693494335276000128943E+00;
A(  24,   22) = 1.974866896940295157847344853508E+00;
A(  26,   22) = 1.912666364753199177428655275435E+00;
A(  11,   23) = 1.694462948668307800000000000000E+16;
A(  23,   23) = -8.472314743341539000000000000000E+15;
A(  24,   23) = 2.999999999999999888977697537484E-02;
A(  12,   24) = 1.694462948668307800000000000000E+16;
A(  24,   24) = -8.472314743341539000000000000000E+15;
A(   3,   25) = 9.995344139630761034090144062587E-19;
A(   7,   25) = 1.615718223358344441990252218653E-16;
A(  11,   25) = 1.286377471621952073822928468036E-12;
A(  13,   25) = 1.286377471621952073822928468036E-12;
A(  17,   25) = 1.615718223358344441990252218653E-16;
A(  21,   25) = 9.995344139630761034090144062587E-19;
A(  23,   25) = 4.050562679379617601222535103001E-12;
A(  25,   25) = -5.343875927374056942364701423914E-12;
A(  26,   25) = 2.999999999999999888977697537484E-02;
A(  27,   25) = 6.773205015736943975764212205521E-15;
A(   8,   26) = 1.449101658381834884785786995510E-16;
A(  12,   26) = 1.045763180995562189687043364887E-12;
A(  14,   26) = 1.045763180995562189687043364887E-12;
A(  18,   26) = 1.449101658381834884785786995510E-16;
A(  24,   26) = 3.195279746831354153712499880610E-12;
A(  26,   26) = -4.246159160849930253698832234668E-12;
A(  28,   26) = 4.971322857175802196330665654179E-15;
A(  27,   27) = -1.454605546809151233500747536428E-14;
A(  28,   27) = 2.999999999999999888977697537484E-02;
A(  31,   27) = 1.454605546809151233500747536428E-14;
A(  28,   28) = -1.454605546809151233500747536428E-14;
A(  32,   28) = 1.454605546809151233500747536428E-14;
A(  11,   29) = 1.555942259041162047117357047910E-03;
A(  17,   29) = 1.555942259041162047117357047910E-03;
A(  29,   29) = -5.019168577552135523944798478624E-02;
A(  30,   29) = 2.999999999999999888977697537484E-02;
A(  33,   29) = 4.863574351648019405969236572673E-02;
A(  12,   30) = 1.555942259041162047117357047910E-03;
A(  18,   30) = 1.555942259041162047117357047910E-03;
A(  30,   30) = -5.019168577552135523944798478624E-02;
A(  34,   30) = 4.863574351648019405969236572673E-02;
A(   3,   31) = 3.563287822633341263657274171280E-13;
A(   5,   31) = 3.979204249203842601242857275337E-14;
A(   7,   31) = 1.517820896610165385625560007619E-12;
