
ZAI = [
92
1
8
2
666
0
];

NAMES = [
'uranium         '
'hydrogen        '
'oxygen          '
'helium          '
'lost            '
'total           '
];

i92     = 1; iuranium          = 1;
i1      = 2; ihydrogen         = 2;
i8      = 3; ioxygen           = 3;
i2      = 4; ihelium           = 4;
iLOST    = 5;
iTOT     = 6;

MAT_fuel_VOLUME = [ 4.00000E+00 4.00000E+00 4.00000E+00 4.00000E+00 4.00000E+00 4.00000E+00 4.00000E+00 4.00000E+00 4.00000E+00 4.00000E+00 4.00000E+00 ];

MAT_fuel_BURNUP = [ 0.00000E+00 7.72099E-07 1.54429E-06 2.31653E-06 3.08866E-06 3.86081E-06 4.63291E-06 5.40504E-06 6.17711E-06 6.94935E-06 7.72150E-06 ];

MAT_fuel_ADENS = [
4.74981E-02 4.74981E-02 4.74981E-02 4.74981E-02 4.74981E-02 4.74981E-02 4.74981E-02 4.74981E-02 4.74981E-02 4.74981E-02 4.74981E-02 % uranium
0.00000E+00 1.25125E-27 8.92989E-27 2.47192E-26 6.03424E-26 1.07659E-25 1.97833E-25 2.62946E-25 3.94452E-25 5.27007E-25 7.12004E-25 % hydrogen
0.00000E+00 0.00000E+00 0.00000E+00 0.00000E+00 0.00000E+00 0.00000E+00 0.00000E+00 0.00000E+00 0.00000E+00 0.00000E+00 0.00000E+00 % oxygen
0.00000E+00 2.11392E-18 4.22785E-18 6.34177E-18 8.45570E-18 1.05696E-17 1.26835E-17 1.47975E-17 1.69114E-17 1.90253E-17 2.11392E-17 % helium
0.00000E+00 1.63222E-17 3.27351E-17 4.92513E-17 6.58046E-17 8.23206E-17 9.88540E-17 1.15391E-16 1.31961E-16 1.48522E-16 1.65021E-16 % lost data
4.74981E-02 4.74981E-02 4.74981E-02 4.74981E-02 4.74981E-02 4.74981E-02 4.74981E-02 4.74981E-02 4.74981E-02 4.74981E-02 4.74981E-02 % total
];

MAT_fuel_MDENS = [
1.87400E+01 1.87400E+01 1.87400E+01 1.87400E+01 1.87400E+01 1.87400E+01 1.87400E+01 1.87400E+01 1.87400E+01 1.87400E+01 1.87400E+01 % uranium
0.00000E+00 2.31354E-27 1.65189E-26 4.45702E-26 1.10823E-25 1.97754E-25 3.71886E-25 4.85606E-25 7.26204E-25 9.72260E-25 1.30624E-24 % hydrogen
0.00000E+00 0.00000E+00 0.00000E+00 0.00000E+00 0.00000E+00 0.00000E+00 0.00000E+00 0.00000E+00 0.00000E+00 0.00000E+00 0.00000E+00 % oxygen
0.00000E+00 1.40504E-17 2.81008E-17 4.21511E-17 5.62015E-17 7.02519E-17 8.43023E-17 9.83527E-17 1.12403E-16 1.26453E-16 1.40504E-16 % helium
0.00000E+00 0.00000E+00 0.00000E+00 0.00000E+00 0.00000E+00 0.00000E+00 0.00000E+00 0.00000E+00 0.00000E+00 0.00000E+00 0.00000E+00 % lost data
1.87400E+01 1.87400E+01 1.87400E+01 1.87400E+01 1.87400E+01 1.87400E+01 1.87400E+01 1.87400E+01 1.87400E+01 1.87400E+01 1.87400E+01 % total
];

MAT_fuel_A = [
1.69118E+06 1.54134E+10 3.07069E+10 4.58512E+10 6.10277E+10 7.62443E+10 9.14001E+10 1.06560E+11 1.21697E+11 1.36827E+11 1.51983E+11 % uranium
0.00000E+00 1.34967E-13 1.20932E-12 2.03654E-12 8.13324E-12 1.49071E-11 3.86736E-11 4.07803E-11 5.82850E-11 8.08799E-11 9.99547E-11 % hydrogen
0.00000E+00 0.00000E+00 0.00000E+00 0.00000E+00 0.00000E+00 0.00000E+00 0.00000E+00 0.00000E+00 0.00000E+00 0.00000E+00 0.00000E+00 % oxygen
0.00000E+00 0.00000E+00 0.00000E+00 0.00000E+00 0.00000E+00 0.00000E+00 0.00000E+00 0.00000E+00 0.00000E+00 0.00000E+00 0.00000E+00 % helium
0.00000E+00 0.00000E+00 0.00000E+00 0.00000E+00 0.00000E+00 0.00000E+00 0.00000E+00 0.00000E+00 0.00000E+00 0.00000E+00 0.00000E+00 % lost data
1.69118E+06 3.08297E+13 4.18646E+13 4.84232E+13 5.30088E+13 5.64796E+13 5.93109E+13 6.16780E+13 6.37173E+13 6.55254E+13 6.71007E+13 % total
];

MAT_fuel_H = [
1.20700E-06 1.13288E-03 2.25587E-03 3.36791E-03 4.48231E-03 5.59966E-03 6.71254E-03 7.82572E-03 8.93725E-03 1.00482E-02 1.11611E-02 % uranium
0.00000E+00 1.23041E-28 1.10246E-27 1.85659E-27 7.41457E-27 1.35899E-26 3.52564E-26 3.71769E-26 5.31349E-26 7.37332E-26 9.11226E-26 % hydrogen
0.00000E+00 0.00000E+00 0.00000E+00 0.00000E+00 0.00000E+00 0.00000E+00 0.00000E+00 0.00000E+00 0.00000E+00 0.00000E+00 0.00000E+00 % oxygen
0.00000E+00 0.00000E+00 0.00000E+00 0.00000E+00 0.00000E+00 0.00000E+00 0.00000E+00 0.00000E+00 0.00000E+00 0.00000E+00 0.00000E+00 % helium
0.00000E+00 0.00000E+00 0.00000E+00 0.00000E+00 0.00000E+00 0.00000E+00 0.00000E+00 0.00000E+00 0.00000E+00 0.00000E+00 0.00000E+00 % lost data
1.20700E-06 1.90527E+01 2.48475E+01 2.80810E+01 3.02493E+01 3.18407E+01 3.31255E+01 3.41871E+01 3.50970E+01 3.59028E+01 3.65936E+01 % total
];

MAT_fuel_SF = [
4.32639E+01 4.32639E+01 4.32639E+01 4.32639E+01 4.32639E+01 4.32639E+01 4.32639E+01 4.32639E+01 4.32639E+01 4.32639E+01 4.32639E+01 % uranium
0.00000E+00 0.00000E+00 0.00000E+00 0.00000E+00 0.00000E+00 0.00000E+00 0.00000E+00 0.00000E+00 0.00000E+00 0.00000E+00 0.00000E+00 % hydrogen
0.00000E+00 0.00000E+00 0.00000E+00 0.00000E+00 0.00000E+00 0.00000E+00 0.00000E+00 0.00000E+00 0.00000E+00 0.00000E+00 0.00000E+00 % oxygen
0.00000E+00 0.00000E+00 0.00000E+00 0.00000E+00 0.00000E+00 0.00000E+00 0.00000E+00 0.00000E+00 0.00000E+00 0.00000E+00 0.00000E+00 % helium
0.00000E+00 0.00000E+00 0.00000E+00 0.00000E+00 0.00000E+00 0.00000E+00 0.00000E+00 0.00000E+00 0.00000E+00 0.00000E+00 0.00000E+00 % lost data
4.32639E+01 4.32639E+01 4.32639E+01 4.32639E+01 4.32639E+01 4.32639E+01 4.32639E+01 4.32639E+01 4.32639E+01 4.32639E+01 4.32639E+01 % total
];

MAT_fuel_GSRC = [
1.14978E+06 1.05447E+10 2.10074E+10 3.13683E+10 4.17511E+10 5.21613E+10 6.25299E+10 7.29013E+10 8.32575E+10 9.36081E+10 1.03977E+11 % uranium
0.00000E+00 0.00000E+00 0.00000E+00 0.00000E+00 0.00000E+00 0.00000E+00 0.00000E+00 0.00000E+00 0.00000E+00 0.00000E+00 0.00000E+00 % hydrogen
0.00000E+00 0.00000E+00 0.00000E+00 0.00000E+00 0.00000E+00 0.00000E+00 0.00000E+00 0.00000E+00 0.00000E+00 0.00000E+00 0.00000E+00 % oxygen
0.00000E+00 0.00000E+00 0.00000E+00 0.00000E+00 0.00000E+00 0.00000E+00 0.00000E+00 0.00000E+00 0.00000E+00 0.00000E+00 0.00000E+00 % helium
0.00000E+00 0.00000E+00 0.00000E+00 0.00000E+00 0.00000E+00 0.00000E+00 0.00000E+00 0.00000E+00 0.00000E+00 0.00000E+00 0.00000E+00 % lost data
1.14978E+06 2.27317E+13 3.11520E+13 3.60772E+13 3.93657E+13 4.17245E+13 4.35526E+13 4.50179E+13 4.62371E+13 4.72957E+13 4.81999E+13 % total
];

MAT_fuel_ING_TOX = [
7.79008E-02 4.97111E-01 9.13233E-01 1.32541E+00 1.73839E+00 2.15242E+00 2.56480E+00 2.97728E+00 3.38930E+00 3.80098E+00 4.21334E+00 % uranium
0.00000E+00 5.66862E-24 5.07913E-23 8.55346E-23 3.41596E-22 6.26100E-22 1.62429E-21 1.71277E-21 2.44797E-21 3.39695E-21 4.19810E-21 % hydrogen
0.00000E+00 0.00000E+00 0.00000E+00 0.00000E+00 0.00000E+00 0.00000E+00 0.00000E+00 0.00000E+00 0.00000E+00 0.00000E+00 0.00000E+00 % oxygen
0.00000E+00 0.00000E+00 0.00000E+00 0.00000E+00 0.00000E+00 0.00000E+00 0.00000E+00 0.00000E+00 0.00000E+00 0.00000E+00 0.00000E+00 % helium
0.00000E+00 0.00000E+00 0.00000E+00 0.00000E+00 0.00000E+00 0.00000E+00 0.00000E+00 0.00000E+00 0.00000E+00 0.00000E+00 0.00000E+00 % lost data
7.79008E-02 2.13160E+00 4.71843E+00 7.66110E+00 1.08696E+01 1.42878E+01 1.78724E+01 2.15986E+01 2.54447E+01 2.93952E+01 3.34394E+01 % total
];

MAT_fuel_INH_TOX = [
1.39789E+01 1.43567E+01 1.47319E+01 1.51037E+01 1.54762E+01 1.58496E+01 1.62214E+01 1.65933E+01 1.69651E+01 1.73364E+01 1.77081E+01 % uranium
0.00000E+00 3.50915E-23 3.14422E-22 5.29500E-22 2.11464E-21 3.87586E-21 1.00551E-20 1.06029E-20 1.51541E-20 2.10288E-20 2.59882E-20 % hydrogen
0.00000E+00 0.00000E+00 0.00000E+00 0.00000E+00 0.00000E+00 0.00000E+00 0.00000E+00 0.00000E+00 0.00000E+00 0.00000E+00 0.00000E+00 % oxygen
0.00000E+00 0.00000E+00 0.00000E+00 0.00000E+00 0.00000E+00 0.00000E+00 0.00000E+00 0.00000E+00 0.00000E+00 0.00000E+00 0.00000E+00 % helium
0.00000E+00 0.00000E+00 0.00000E+00 0.00000E+00 0.00000E+00 0.00000E+00 0.00000E+00 0.00000E+00 0.00000E+00 0.00000E+00 0.00000E+00 % lost data
1.39789E+01 1.51113E+01 1.65095E+01 1.80776E+01 1.97708E+01 2.15607E+01 2.34249E+01 2.53522E+01 2.73325E+01 2.93581E+01 3.14249E+01 % total
];

MAT_empty_VOLUME = [ 5.00000E+00 5.00000E+00 5.00000E+00 5.00000E+00 5.00000E+00 5.00000E+00 5.00000E+00 5.00000E+00 5.00000E+00 5.00000E+00 5.00000E+00 ];

MAT_empty_BURNUP = [ 0.00000E+00 0.00000E+00 0.00000E+00 0.00000E+00 0.00000E+00 0.00000E+00 0.00000E+00 0.00000E+00 0.00000E+00 0.00000E+00 0.00000E+00 ];

