
ZAI = [
92
1
8
2
666
0
];

NAMES = [
'uranium         '
'hydrogen        '
'oxygen          '
'helium          '
'lost            '
'total           '
];

i92     = 1; iuranium          = 1;
i1      = 2; ihydrogen         = 2;
i8      = 3; ioxygen           = 3;
i2      = 4; ihelium           = 4;
iLOST    = 5;
iTOT     = 6;

MAT_fuel_VOLUME = [ 4.00000E+00 4.00000E+00 4.00000E+00 4.00000E+00 4.00000E+00 4.00000E+00 4.00000E+00 4.00000E+00 4.00000E+00 4.00000E+00 4.00000E+00 ];

MAT_fuel_BURNUP = [ 0.00000E+00 7.72099E-07 1.54430E-06 2.31650E-06 3.08871E-06 3.86108E-06 4.63331E-06 5.40566E-06 6.17813E-06 6.95063E-06 7.72320E-06 ];

MAT_fuel_ADENS = [
4.74981E-02 4.74981E-02 4.74981E-02 4.74981E-02 4.74981E-02 4.74981E-02 4.74981E-02 4.74981E-02 4.74981E-02 4.74981E-02 4.74981E-02 % uranium
0.00000E+00 1.25125E-27 6.64070E-27 2.38171E-26 5.01366E-26 9.35272E-26 1.62087E-25 2.27078E-25 3.19753E-25 4.51623E-25 5.67340E-25 % hydrogen
0.00000E+00 0.00000E+00 0.00000E+00 0.00000E+00 0.00000E+00 0.00000E+00 0.00000E+00 0.00000E+00 0.00000E+00 0.00000E+00 0.00000E+00 % oxygen
0.00000E+00 2.11392E-18 4.22785E-18 6.34177E-18 8.45570E-18 1.05696E-17 1.26835E-17 1.47975E-17 1.69114E-17 1.90253E-17 2.11392E-17 % helium
0.00000E+00 1.63222E-17 3.23683E-17 4.81308E-17 6.35816E-17 7.86814E-17 9.33191E-17 1.07532E-16 1.21334E-16 1.34691E-16 1.47587E-16 % lost data
4.74981E-02 4.74981E-02 4.74981E-02 4.74981E-02 4.74981E-02 4.74981E-02 4.74981E-02 4.74981E-02 4.74981E-02 4.74981E-02 4.74981E-02 % total
];

MAT_fuel_MDENS = [
1.87400E+01 1.87400E+01 1.87400E+01 1.87400E+01 1.87400E+01 1.87400E+01 1.87400E+01 1.87400E+01 1.87400E+01 1.87400E+01 1.87400E+01 % uranium
0.00000E+00 2.31354E-27 1.19488E-26 4.26691E-26 8.96779E-26 1.68275E-25 2.95338E-25 4.10064E-25 5.76530E-25 8.24561E-25 1.02671E-24 % hydrogen
0.00000E+00 0.00000E+00 0.00000E+00 0.00000E+00 0.00000E+00 0.00000E+00 0.00000E+00 0.00000E+00 0.00000E+00 0.00000E+00 0.00000E+00 % oxygen
0.00000E+00 1.40504E-17 2.81008E-17 4.21511E-17 5.62015E-17 7.02519E-17 8.43023E-17 9.83527E-17 1.12403E-16 1.26453E-16 1.40504E-16 % helium
0.00000E+00 0.00000E+00 0.00000E+00 0.00000E+00 0.00000E+00 0.00000E+00 0.00000E+00 0.00000E+00 0.00000E+00 0.00000E+00 0.00000E+00 % lost data
1.87400E+01 1.87400E+01 1.87400E+01 1.87400E+01 1.87400E+01 1.87400E+01 1.87400E+01 1.87400E+01 1.87400E+01 1.87400E+01 1.87400E+01 % total
];

MAT_fuel_A = [
1.69118E+06 1.54134E+10 3.12328E+10 4.72968E+10 6.36489E+10 8.02286E+10 9.72548E+10 1.14509E+11 1.31869E+11 1.49479E+11 1.67108E+11 % uranium
0.00000E+00 1.34967E-13 4.31800E-13 1.59579E-12 3.59917E-12 8.34599E-12 1.94061E-11 2.30394E-11 3.15869E-11 5.76566E-11 6.13701E-11 % hydrogen
0.00000E+00 0.00000E+00 0.00000E+00 0.00000E+00 0.00000E+00 0.00000E+00 0.00000E+00 0.00000E+00 0.00000E+00 0.00000E+00 0.00000E+00 % oxygen
0.00000E+00 0.00000E+00 0.00000E+00 0.00000E+00 0.00000E+00 0.00000E+00 0.00000E+00 0.00000E+00 0.00000E+00 0.00000E+00 0.00000E+00 % helium
0.00000E+00 0.00000E+00 0.00000E+00 0.00000E+00 0.00000E+00 0.00000E+00 0.00000E+00 0.00000E+00 0.00000E+00 0.00000E+00 0.00000E+00 % lost data
1.69118E+06 3.08297E+13 4.16756E+13 4.79851E+13 5.23061E+13 5.55417E+13 5.80554E+13 6.01137E+13 6.18409E+13 6.33006E+13 6.45642E+13 % total
];

MAT_fuel_H = [
1.20700E-06 1.13288E-03 2.29450E-03 3.47408E-03 4.67482E-03 5.89227E-03 7.14251E-03 8.40949E-03 9.68425E-03 1.09774E-02 1.22719E-02 % uranium
0.00000E+00 1.23041E-28 3.93645E-28 1.45478E-27 3.28114E-27 7.60852E-27 1.76913E-26 2.10036E-26 2.87958E-26 5.25619E-26 5.59473E-26 % hydrogen
0.00000E+00 0.00000E+00 0.00000E+00 0.00000E+00 0.00000E+00 0.00000E+00 0.00000E+00 0.00000E+00 0.00000E+00 0.00000E+00 0.00000E+00 % oxygen
0.00000E+00 0.00000E+00 0.00000E+00 0.00000E+00 0.00000E+00 0.00000E+00 0.00000E+00 0.00000E+00 0.00000E+00 0.00000E+00 0.00000E+00 % helium
0.00000E+00 0.00000E+00 0.00000E+00 0.00000E+00 0.00000E+00 0.00000E+00 0.00000E+00 0.00000E+00 0.00000E+00 0.00000E+00 0.00000E+00 % lost data
1.20700E-06 1.90527E+01 2.47182E+01 2.77858E+01 2.97810E+01 3.12211E+01 3.22987E+01 3.31621E+01 3.38719E+01 3.44555E+01 3.49501E+01 % total
];

MAT_fuel_SF = [
4.32639E+01 4.32639E+01 4.32639E+01 4.32639E+01 4.32639E+01 4.32639E+01 4.32639E+01 4.32639E+01 4.32639E+01 4.32639E+01 4.32639E+01 % uranium
0.00000E+00 0.00000E+00 0.00000E+00 0.00000E+00 0.00000E+00 0.00000E+00 0.00000E+00 0.00000E+00 0.00000E+00 0.00000E+00 0.00000E+00 % hydrogen
0.00000E+00 0.00000E+00 0.00000E+00 0.00000E+00 0.00000E+00 0.00000E+00 0.00000E+00 0.00000E+00 0.00000E+00 0.00000E+00 0.00000E+00 % oxygen
0.00000E+00 0.00000E+00 0.00000E+00 0.00000E+00 0.00000E+00 0.00000E+00 0.00000E+00 0.00000E+00 0.00000E+00 0.00000E+00 0.00000E+00 % helium
0.00000E+00 0.00000E+00 0.00000E+00 0.00000E+00 0.00000E+00 0.00000E+00 0.00000E+00 0.00000E+00 0.00000E+00 0.00000E+00 0.00000E+00 % lost data
4.32639E+01 4.32639E+01 4.32639E+01 4.32639E+01 4.32639E+01 4.32639E+01 4.32639E+01 4.32639E+01 4.32639E+01 4.32639E+01 4.32639E+01 % total
];

MAT_fuel_GSRC = [
1.14978E+06 1.05447E+10 2.13670E+10 3.23565E+10 4.35431E+10 5.48852E+10 6.65324E+10 7.83354E+10 9.02106E+10 1.02257E+11 1.14316E+11 % uranium
0.00000E+00 0.00000E+00 0.00000E+00 0.00000E+00 0.00000E+00 0.00000E+00 0.00000E+00 0.00000E+00 0.00000E+00 0.00000E+00 0.00000E+00 % hydrogen
0.00000E+00 0.00000E+00 0.00000E+00 0.00000E+00 0.00000E+00 0.00000E+00 0.00000E+00 0.00000E+00 0.00000E+00 0.00000E+00 0.00000E+00 % oxygen
0.00000E+00 0.00000E+00 0.00000E+00 0.00000E+00 0.00000E+00 0.00000E+00 0.00000E+00 0.00000E+00 0.00000E+00 0.00000E+00 0.00000E+00 % helium
0.00000E+00 0.00000E+00 0.00000E+00 0.00000E+00 0.00000E+00 0.00000E+00 0.00000E+00 0.00000E+00 0.00000E+00 0.00000E+00 0.00000E+00 % lost data
1.14978E+06 2.27317E+13 3.10308E+13 3.57900E+13 3.88964E+13 4.10889E+13 4.26961E+13 4.39414E+13 4.49381E+13 4.57453E+13 4.64208E+13 % total
];

MAT_fuel_ING_TOX = [
7.79008E-02 4.97111E-01 9.27348E-01 1.36412E+00 1.80870E+00 2.25932E+00 2.72184E+00 3.19044E+00 3.66180E+00 4.13979E+00 4.61819E+00 % uranium
0.00000E+00 5.66862E-24 1.81356E-23 6.70232E-23 1.51165E-22 3.50532E-22 8.15056E-22 9.67656E-22 1.32665E-21 2.42158E-21 2.57754E-21 % hydrogen
0.00000E+00 0.00000E+00 0.00000E+00 0.00000E+00 0.00000E+00 0.00000E+00 0.00000E+00 0.00000E+00 0.00000E+00 0.00000E+00 0.00000E+00 % oxygen
0.00000E+00 0.00000E+00 0.00000E+00 0.00000E+00 0.00000E+00 0.00000E+00 0.00000E+00 0.00000E+00 0.00000E+00 0.00000E+00 0.00000E+00 % helium
0.00000E+00 0.00000E+00 0.00000E+00 0.00000E+00 0.00000E+00 0.00000E+00 0.00000E+00 0.00000E+00 0.00000E+00 0.00000E+00 0.00000E+00 % lost data
7.79008E-02 2.13160E+00 4.74044E+00 7.72377E+00 1.09878E+01 1.44729E+01 1.81469E+01 2.19764E+01 2.59375E+01 3.00183E+01 3.41998E+01 % total
];

MAT_fuel_INH_TOX = [
1.39789E+01 1.43567E+01 1.47443E+01 1.51376E+01 1.55379E+01 1.59434E+01 1.63593E+01 1.67804E+01 1.72038E+01 1.76329E+01 1.80622E+01 % uranium
0.00000E+00 3.50915E-23 1.12268E-22 4.14906E-22 9.35783E-22 2.16996E-21 5.04559E-21 5.99025E-21 8.21259E-21 1.49907E-20 1.59562E-20 % hydrogen
0.00000E+00 0.00000E+00 0.00000E+00 0.00000E+00 0.00000E+00 0.00000E+00 0.00000E+00 0.00000E+00 0.00000E+00 0.00000E+00 0.00000E+00 % oxygen
0.00000E+00 0.00000E+00 0.00000E+00 0.00000E+00 0.00000E+00 0.00000E+00 0.00000E+00 0.00000E+00 0.00000E+00 0.00000E+00 0.00000E+00 % helium
0.00000E+00 0.00000E+00 0.00000E+00 0.00000E+00 0.00000E+00 0.00000E+00 0.00000E+00 0.00000E+00 0.00000E+00 0.00000E+00 0.00000E+00 % lost data
1.39789E+01 1.51113E+01 1.65258E+01 1.81232E+01 1.98557E+01 2.16922E+01 2.36191E+01 2.56179E+01 2.76759E+01 2.97894E+01 3.19470E+01 % total
];

MAT_empty_VOLUME = [ 5.00000E+00 5.00000E+00 5.00000E+00 5.00000E+00 5.00000E+00 5.00000E+00 5.00000E+00 5.00000E+00 5.00000E+00 5.00000E+00 5.00000E+00 ];

MAT_empty_BURNUP = [ 0.00000E+00 0.00000E+00 0.00000E+00 0.00000E+00 0.00000E+00 0.00000E+00 0.00000E+00 0.00000E+00 0.00000E+00 0.00000E+00 0.00000E+00 ];

