
ZAI = [
92
1
8
2
666
0
];

NAMES = [
'uranium         '
'hydrogen        '
'oxygen          '
'helium          '
'lost            '
'total           '
];

i92     = 1; iuranium          = 1;
i1      = 2; ihydrogen         = 2;
i8      = 3; ioxygen           = 3;
i2      = 4; ihelium           = 4;
iLOST    = 5;
iTOT     = 6;

MAT_fuel_VOLUME = [ 4.00000E+00 4.00000E+00 4.00000E+00 4.00000E+00 4.00000E+00 4.00000E+00 4.00000E+00 4.00000E+00 4.00000E+00 4.00000E+00 4.00000E+00 ];

MAT_fuel_BURNUP = [ 0.00000E+00 7.72099E-07 1.54426E-06 2.31643E-06 3.08861E-06 3.86074E-06 4.63290E-06 5.40509E-06 6.17729E-06 6.94943E-06 7.72159E-06 ];

MAT_fuel_ADENS = [
4.74981E-02 4.74981E-02 4.74981E-02 4.74981E-02 4.74981E-02 4.74981E-02 4.74981E-02 4.74981E-02 4.74981E-02 4.74981E-02 4.74981E-02 % uranium
0.00000E+00 1.25125E-27 8.38819E-27 2.48240E-26 4.82013E-26 9.71348E-26 1.85857E-25 2.45381E-25 3.56180E-25 5.35442E-25 7.01125E-25 % hydrogen
0.00000E+00 0.00000E+00 0.00000E+00 0.00000E+00 0.00000E+00 0.00000E+00 0.00000E+00 0.00000E+00 0.00000E+00 0.00000E+00 0.00000E+00 % oxygen
0.00000E+00 2.11392E-18 4.22785E-18 6.34177E-18 8.45570E-18 1.05696E-17 1.26835E-17 1.47975E-17 1.69114E-17 1.90253E-17 2.11392E-17 % helium
0.00000E+00 1.63222E-17 3.27698E-17 4.92246E-17 6.56852E-17 8.21987E-17 9.87080E-17 1.15248E-16 1.31807E-16 1.48310E-16 1.64859E-16 % lost data
4.74981E-02 4.74981E-02 4.74981E-02 4.74981E-02 4.74981E-02 4.74981E-02 4.74981E-02 4.74981E-02 4.74981E-02 4.74981E-02 4.74981E-02 % total
];

MAT_fuel_MDENS = [
1.87400E+01 1.87400E+01 1.87400E+01 1.87400E+01 1.87400E+01 1.87400E+01 1.87400E+01 1.87400E+01 1.87400E+01 1.87400E+01 1.87400E+01 % uranium
0.00000E+00 2.31354E-27 1.56947E-26 4.70110E-26 9.11906E-26 1.82868E-25 3.50538E-25 4.53533E-25 6.46568E-25 9.83444E-25 1.27698E-24 % hydrogen
0.00000E+00 0.00000E+00 0.00000E+00 0.00000E+00 0.00000E+00 0.00000E+00 0.00000E+00 0.00000E+00 0.00000E+00 0.00000E+00 0.00000E+00 % oxygen
0.00000E+00 1.40504E-17 2.81008E-17 4.21511E-17 5.62015E-17 7.02519E-17 8.43023E-17 9.83527E-17 1.12403E-16 1.26453E-16 1.40504E-16 % helium
0.00000E+00 0.00000E+00 0.00000E+00 0.00000E+00 0.00000E+00 0.00000E+00 0.00000E+00 0.00000E+00 0.00000E+00 0.00000E+00 0.00000E+00 % lost data
1.87400E+01 1.87400E+01 1.87400E+01 1.87400E+01 1.87400E+01 1.87400E+01 1.87400E+01 1.87400E+01 1.87400E+01 1.87400E+01 1.87400E+01 % total
];

MAT_fuel_A = [
1.69118E+06 1.54134E+10 3.06675E+10 4.59409E+10 6.11646E+10 7.63543E+10 9.14466E+10 1.06536E+11 1.21747E+11 1.36956E+11 1.52202E+11 % uranium
0.00000E+00 1.34967E-13 1.37580E-12 5.04272E-12 9.98553E-12 1.94327E-11 3.82263E-11 3.90865E-11 4.19435E-11 7.65710E-11 8.65130E-11 % hydrogen
0.00000E+00 0.00000E+00 0.00000E+00 0.00000E+00 0.00000E+00 0.00000E+00 0.00000E+00 0.00000E+00 0.00000E+00 0.00000E+00 0.00000E+00 % oxygen
0.00000E+00 0.00000E+00 0.00000E+00 0.00000E+00 0.00000E+00 0.00000E+00 0.00000E+00 0.00000E+00 0.00000E+00 0.00000E+00 0.00000E+00 % helium
0.00000E+00 0.00000E+00 0.00000E+00 0.00000E+00 0.00000E+00 0.00000E+00 0.00000E+00 0.00000E+00 0.00000E+00 0.00000E+00 0.00000E+00 % lost data
1.69118E+06 3.08297E+13 4.18750E+13 4.83965E+13 5.29737E+13 5.64622E+13 5.92974E+13 6.16848E+13 6.37191E+13 6.55014E+13 6.71190E+13 % total
];

MAT_fuel_H = [
1.20700E-06 1.13288E-03 2.25298E-03 3.37450E-03 4.49237E-03 5.60774E-03 6.71596E-03 7.82395E-03 8.94090E-03 1.00577E-02 1.11772E-02 % uranium
0.00000E+00 1.23041E-28 1.25423E-27 4.59714E-27 9.10319E-27 1.77156E-26 3.48486E-26 3.56328E-26 3.82373E-26 6.98051E-26 7.88685E-26 % hydrogen
0.00000E+00 0.00000E+00 0.00000E+00 0.00000E+00 0.00000E+00 0.00000E+00 0.00000E+00 0.00000E+00 0.00000E+00 0.00000E+00 0.00000E+00 % oxygen
0.00000E+00 0.00000E+00 0.00000E+00 0.00000E+00 0.00000E+00 0.00000E+00 0.00000E+00 0.00000E+00 0.00000E+00 0.00000E+00 0.00000E+00 % helium
0.00000E+00 0.00000E+00 0.00000E+00 0.00000E+00 0.00000E+00 0.00000E+00 0.00000E+00 0.00000E+00 0.00000E+00 0.00000E+00 0.00000E+00 % lost data
1.20700E-06 1.90527E+01 2.48551E+01 2.80623E+01 3.02256E+01 3.18298E+01 3.31169E+01 3.41925E+01 3.50978E+01 3.58862E+01 3.66068E+01 % total
];

MAT_fuel_SF = [
4.32639E+01 4.32639E+01 4.32639E+01 4.32639E+01 4.32639E+01 4.32639E+01 4.32639E+01 4.32639E+01 4.32639E+01 4.32639E+01 4.32639E+01 % uranium
0.00000E+00 0.00000E+00 0.00000E+00 0.00000E+00 0.00000E+00 0.00000E+00 0.00000E+00 0.00000E+00 0.00000E+00 0.00000E+00 0.00000E+00 % hydrogen
0.00000E+00 0.00000E+00 0.00000E+00 0.00000E+00 0.00000E+00 0.00000E+00 0.00000E+00 0.00000E+00 0.00000E+00 0.00000E+00 0.00000E+00 % oxygen
0.00000E+00 0.00000E+00 0.00000E+00 0.00000E+00 0.00000E+00 0.00000E+00 0.00000E+00 0.00000E+00 0.00000E+00 0.00000E+00 0.00000E+00 % helium
0.00000E+00 0.00000E+00 0.00000E+00 0.00000E+00 0.00000E+00 0.00000E+00 0.00000E+00 0.00000E+00 0.00000E+00 0.00000E+00 0.00000E+00 % lost data
4.32639E+01 4.32639E+01 4.32639E+01 4.32639E+01 4.32639E+01 4.32639E+01 4.32639E+01 4.32639E+01 4.32639E+01 4.32639E+01 4.32639E+01 % total
];

MAT_fuel_GSRC = [
1.14978E+06 1.05447E+10 2.09806E+10 3.14297E+10 4.18446E+10 5.22365E+10 6.25617E+10 7.28847E+10 8.32914E+10 9.36960E+10 1.04127E+11 % uranium
0.00000E+00 0.00000E+00 0.00000E+00 0.00000E+00 0.00000E+00 0.00000E+00 0.00000E+00 0.00000E+00 0.00000E+00 0.00000E+00 0.00000E+00 % hydrogen
0.00000E+00 0.00000E+00 0.00000E+00 0.00000E+00 0.00000E+00 0.00000E+00 0.00000E+00 0.00000E+00 0.00000E+00 0.00000E+00 0.00000E+00 % oxygen
0.00000E+00 0.00000E+00 0.00000E+00 0.00000E+00 0.00000E+00 0.00000E+00 0.00000E+00 0.00000E+00 0.00000E+00 0.00000E+00 0.00000E+00 % helium
0.00000E+00 0.00000E+00 0.00000E+00 0.00000E+00 0.00000E+00 0.00000E+00 0.00000E+00 0.00000E+00 0.00000E+00 0.00000E+00 0.00000E+00 % lost data
1.14978E+06 2.27317E+13 3.11575E+13 3.60614E+13 3.93433E+13 4.17127E+13 4.35433E+13 4.50208E+13 4.62391E+13 4.72810E+13 4.82101E+13 % total
];

MAT_fuel_ING_TOX = [
7.79008E-02 4.97111E-01 9.12248E-01 1.32782E+00 1.74194E+00 2.15532E+00 2.56601E+00 2.97658E+00 3.39055E+00 3.80435E+00 4.21919E+00 % uranium
0.00000E+00 5.66862E-24 5.77837E-23 2.11794E-22 4.19392E-22 8.16173E-22 1.60551E-21 1.64163E-21 1.76163E-21 3.21598E-21 3.63354E-21 % hydrogen
0.00000E+00 0.00000E+00 0.00000E+00 0.00000E+00 0.00000E+00 0.00000E+00 0.00000E+00 0.00000E+00 0.00000E+00 0.00000E+00 0.00000E+00 % oxygen
0.00000E+00 0.00000E+00 0.00000E+00 0.00000E+00 0.00000E+00 0.00000E+00 0.00000E+00 0.00000E+00 0.00000E+00 0.00000E+00 0.00000E+00 % helium
0.00000E+00 0.00000E+00 0.00000E+00 0.00000E+00 0.00000E+00 0.00000E+00 0.00000E+00 0.00000E+00 0.00000E+00 0.00000E+00 0.00000E+00 % lost data
7.79008E-02 2.13160E+00 4.71667E+00 7.66400E+00 1.08748E+01 1.42928E+01 1.78763E+01 2.16000E+01 2.54487E+01 2.94023E+01 3.34480E+01 % total
];

MAT_fuel_INH_TOX = [
1.39789E+01 1.43567E+01 1.47311E+01 1.51059E+01 1.54791E+01 1.58520E+01 1.62224E+01 1.65926E+01 1.69661E+01 1.73392E+01 1.77133E+01 % uranium
0.00000E+00 3.50915E-23 3.57709E-22 1.31111E-21 2.59624E-21 5.05250E-21 9.93885E-21 1.01625E-20 1.09053E-20 1.99085E-20 2.24934E-20 % hydrogen
0.00000E+00 0.00000E+00 0.00000E+00 0.00000E+00 0.00000E+00 0.00000E+00 0.00000E+00 0.00000E+00 0.00000E+00 0.00000E+00 0.00000E+00 % oxygen
0.00000E+00 0.00000E+00 0.00000E+00 0.00000E+00 0.00000E+00 0.00000E+00 0.00000E+00 0.00000E+00 0.00000E+00 0.00000E+00 0.00000E+00 % helium
0.00000E+00 0.00000E+00 0.00000E+00 0.00000E+00 0.00000E+00 0.00000E+00 0.00000E+00 0.00000E+00 0.00000E+00 0.00000E+00 0.00000E+00 % lost data
1.39789E+01 1.51113E+01 1.65084E+01 1.80800E+01 1.97745E+01 2.15641E+01 2.34271E+01 2.53525E+01 2.73347E+01 2.93626E+01 3.14312E+01 % total
];

MAT_empty_VOLUME = [ 5.00000E+00 5.00000E+00 5.00000E+00 5.00000E+00 5.00000E+00 5.00000E+00 5.00000E+00 5.00000E+00 5.00000E+00 5.00000E+00 5.00000E+00 ];

MAT_empty_BURNUP = [ 0.00000E+00 0.00000E+00 0.00000E+00 0.00000E+00 0.00000E+00 0.00000E+00 0.00000E+00 0.00000E+00 0.00000E+00 0.00000E+00 0.00000E+00 ];

