
ZAI = [
1
666
0
];

NAMES = [
'hydrogen        '
'lost            '
'total           '
];

i1      = 1; ihydrogen         = 1;
iLOST    = 2;
iTOT     = 3;

MAT_fuel_VOLUME = [ 5.00000E+00 5.00000E+00 5.00000E+00 5.00000E+00 5.00000E+00 5.00000E+00 5.00000E+00 5.00000E+00 5.00000E+00 5.00000E+00 5.00000E+00 ];

MAT_fuel_BURNUP = [ 0.00000E+00 6.17667E-07 1.23534E-06 1.85303E-06 2.47074E-06 3.08843E-06 3.70611E-06 4.32377E-06 4.94143E-06 5.55914E-06 6.17680E-06 ];

MAT_fuel_ADENS = [
0.00000E+00 1.20137E-27 5.80593E-27 1.66815E-26 3.35396E-26 5.99300E-26 9.77688E-26 1.56018E-25 2.12484E-25 3.28889E-25 4.04181E-25 % hydrogen
0.00000E+00 1.34073E-17 2.67852E-17 4.01417E-17 5.34462E-17 6.66978E-17 7.99256E-17 9.30560E-17 1.06194E-16 1.19256E-16 1.32289E-16 % lost data
4.74981E-02 4.74981E-02 4.74981E-02 4.74981E-02 4.74981E-02 4.74981E-02 4.74981E-02 4.74981E-02 4.74981E-02 4.74981E-02 4.74981E-02 % total
];

MAT_fuel_MDENS = [
0.00000E+00 2.25088E-27 1.07606E-26 3.04506E-26 6.06977E-26 1.07564E-25 1.75790E-25 2.86325E-25 3.84424E-25 5.96623E-25 7.27690E-25 % hydrogen
0.00000E+00 0.00000E+00 0.00000E+00 0.00000E+00 0.00000E+00 0.00000E+00 0.00000E+00 0.00000E+00 0.00000E+00 0.00000E+00 0.00000E+00 % lost data
1.87400E+01 1.87400E+01 1.87400E+01 1.87400E+01 1.87400E+01 1.87400E+01 1.87400E+01 1.87400E+01 1.87400E+01 1.87400E+01 1.87400E+01 % total
];

MAT_fuel_A = [
0.00000E+00 1.97241E-13 9.77624E-13 2.29681E-12 4.12169E-12 6.21267E-12 1.09100E-11 2.70229E-11 2.85858E-11 4.67744E-11 4.89156E-11 % hydrogen
0.00000E+00 0.00000E+00 0.00000E+00 0.00000E+00 0.00000E+00 0.00000E+00 0.00000E+00 0.00000E+00 0.00000E+00 0.00000E+00 0.00000E+00 % lost data
2.11398E+06 3.10974E+13 4.21158E+13 4.86279E+13 5.31532E+13 5.66019E+13 5.93810E+13 6.16862E+13 6.37047E+13 6.54421E+13 6.70066E+13 % total
];

MAT_fuel_H = [
0.00000E+00 1.79813E-28 8.91240E-28 2.09386E-27 3.75749E-27 5.66371E-27 9.94596E-27 2.46351E-26 2.60599E-26 4.26413E-26 4.45934E-26 % hydrogen
0.00000E+00 0.00000E+00 0.00000E+00 0.00000E+00 0.00000E+00 0.00000E+00 0.00000E+00 0.00000E+00 0.00000E+00 0.00000E+00 0.00000E+00 % lost data
1.50875E-06 1.92313E+01 2.50092E+01 2.82094E+01 3.03359E+01 3.19129E+01 3.31629E+01 3.41833E+01 3.50806E+01 3.58397E+01 3.65258E+01 % total
];

MAT_fuel_SF = [
0.00000E+00 0.00000E+00 0.00000E+00 0.00000E+00 0.00000E+00 0.00000E+00 0.00000E+00 0.00000E+00 0.00000E+00 0.00000E+00 0.00000E+00 % hydrogen
0.00000E+00 0.00000E+00 0.00000E+00 0.00000E+00 0.00000E+00 0.00000E+00 0.00000E+00 0.00000E+00 0.00000E+00 0.00000E+00 0.00000E+00 % lost data
5.40799E+01 5.40799E+01 5.40799E+01 5.40799E+01 5.40799E+01 5.40799E+01 5.40799E+01 5.40799E+01 5.40799E+01 5.40799E+01 5.40799E+01 % total
];

MAT_fuel_GSRC = [
0.00000E+00 0.00000E+00 0.00000E+00 0.00000E+00 0.00000E+00 0.00000E+00 0.00000E+00 0.00000E+00 0.00000E+00 0.00000E+00 0.00000E+00 % hydrogen
0.00000E+00 0.00000E+00 0.00000E+00 0.00000E+00 0.00000E+00 0.00000E+00 0.00000E+00 0.00000E+00 0.00000E+00 0.00000E+00 0.00000E+00 % lost data
1.43723E+06 2.29188E+13 3.13377E+13 3.62380E+13 3.94912E+13 4.18369E+13 4.36306E+13 4.50562E+13 4.62598E+13 4.72704E+13 4.81628E+13 % total
];

MAT_fuel_ING_TOX = [
0.00000E+00 8.28413E-24 4.10602E-23 9.64660E-23 1.73111E-22 2.60932E-22 4.58219E-22 1.13496E-21 1.20060E-21 1.96452E-21 2.05446E-21 % hydrogen
0.00000E+00 0.00000E+00 0.00000E+00 0.00000E+00 0.00000E+00 0.00000E+00 0.00000E+00 0.00000E+00 0.00000E+00 0.00000E+00 0.00000E+00 % lost data
9.73760E-02 2.12707E+00 4.69748E+00 7.62929E+00 1.08323E+01 1.42467E+01 1.78337E+01 2.15678E+01 2.54232E+01 2.93889E+01 3.34485E+01 % total
];

MAT_fuel_INH_TOX = [
0.00000E+00 5.12827E-23 2.54182E-22 5.97170E-22 1.07164E-21 1.61529E-21 2.83660E-21 7.02595E-21 7.43231E-21 1.21613E-20 1.27181E-20 % hydrogen
0.00000E+00 0.00000E+00 0.00000E+00 0.00000E+00 0.00000E+00 0.00000E+00 0.00000E+00 0.00000E+00 0.00000E+00 0.00000E+00 0.00000E+00 % lost data
1.74736E+01 1.85873E+01 1.99724E+01 2.15313E+01 2.32189E+01 2.50046E+01 2.68695E+01 2.88016E+01 3.07874E+01 3.28233E+01 3.49007E+01 % total
];

MAT_empty_VOLUME = [ 5.00000E+00 5.00000E+00 5.00000E+00 5.00000E+00 5.00000E+00 5.00000E+00 5.00000E+00 5.00000E+00 5.00000E+00 5.00000E+00 5.00000E+00 ];

MAT_empty_BURNUP = [ 0.00000E+00 0.00000E+00 0.00000E+00 0.00000E+00 0.00000E+00 0.00000E+00 0.00000E+00 0.00000E+00 0.00000E+00 0.00000E+00 0.00000E+00 ];

MAT_empty_ADENS = [
0.00000E+00 2.73749E-03 5.47497E-03 8.21246E-03 1.09499E-02 1.36874E-02 1.64249E-02 1.91624E-02 2.18999E-02 2.46374E-02 2.73749E-02 % hydrogen
0.00000E+00 0.00000E+00 0.00000E+00 0.00000E+00 0.00000E+00 0.00000E+00 0.00000E+00 0.00000E+00 0.00000E+00 0.00000E+00 0.00000E+00 % lost data
1.50453E-01 1.58666E-01 1.66878E-01 1.75091E-01 1.83303E-01 1.91515E-01 1.99728E-01 2.07940E-01 2.16153E-01 2.24365E-01 2.32578E-01 % total
];

MAT_empty_MDENS = [
0.00000E+00 4.58135E-03 9.16270E-03 1.37440E-02 1.83254E-02 2.29067E-02 2.74881E-02 3.20694E-02 3.66508E-02 4.12321E-02 4.58135E-02 % hydrogen
0.00000E+00 0.00000E+00 0.00000E+00 0.00000E+00 0.00000E+00 0.00000E+00 0.00000E+00 0.00000E+00 0.00000E+00 0.00000E+00 0.00000E+00 % lost data
1.00000E+00 1.15000E+00 1.30000E+00 1.45000E+00 1.60000E+00 1.75000E+00 1.90000E+00 2.05000E+00 2.20000E+00 2.35000E+00 2.50000E+00 % total
];

MAT_empty_A = [
0.00000E+00 2.15638E-06 1.09430E-05 1.53524E-05 1.96651E-05 2.40183E-05 3.91939E-05 8.33218E-04 8.57139E-04 8.75525E-04 9.23161E-04 % hydrogen
0.00000E+00 0.00000E+00 0.00000E+00 0.00000E+00 0.00000E+00 0.00000E+00 0.00000E+00 0.00000E+00 0.00000E+00 0.00000E+00 0.00000E+00 % lost data
0.00000E+00 2.66940E+07 9.48428E+07 1.68850E+08 2.28359E+08 2.95502E+08 3.80249E+08 3.94619E+08 4.48161E+08 6.10713E+08 6.77474E+08 % total
];

MAT_empty_H = [
0.00000E+00 1.96584E-21 9.97608E-21 1.39958E-20 1.79275E-20 2.18960E-20 3.57307E-20 7.59594E-19 7.81401E-19 7.98162E-19 8.41589E-19 % hydrogen
0.00000E+00 0.00000E+00 0.00000E+00 0.00000E+00 0.00000E+00 0.00000E+00 0.00000E+00 0.00000E+00 0.00000E+00 0.00000E+00 0.00000E+00 % lost data
0.00000E+00 3.10075E-05 1.10168E-04 1.96134E-04 2.65260E-04 3.43252E-04 4.41693E-04 4.58371E-04 5.20564E-04 7.09382E-04 7.86928E-04 % total
];

MAT_empty_SF = [
0.00000E+00 0.00000E+00 0.00000E+00 0.00000E+00 0.00000E+00 0.00000E+00 0.00000E+00 0.00000E+00 0.00000E+00 0.00000E+00 0.00000E+00 % hydrogen
0.00000E+00 0.00000E+00 0.00000E+00 0.00000E+00 0.00000E+00 0.00000E+00 0.00000E+00 0.00000E+00 0.00000E+00 0.00000E+00 0.00000E+00 % lost data
0.00000E+00 0.00000E+00 0.00000E+00 0.00000E+00 0.00000E+00 0.00000E+00 0.00000E+00 0.00000E+00 0.00000E+00 0.00000E+00 0.00000E+00 % total
];

MAT_empty_GSRC = [
0.00000E+00 0.00000E+00 0.00000E+00 0.00000E+00 0.00000E+00 0.00000E+00 0.00000E+00 0.00000E+00 0.00000E+00 0.00000E+00 0.00000E+00 % hydrogen
0.00000E+00 0.00000E+00 0.00000E+00 0.00000E+00 0.00000E+00 0.00000E+00 0.00000E+00 0.00000E+00 0.00000E+00 0.00000E+00 0.00000E+00 % lost data
0.00000E+00 1.95205E+07 6.93557E+07 1.23474E+08 1.66992E+08 2.16091E+08 2.78065E+08 2.88591E+08 3.27747E+08 4.46617E+08 4.95441E+08 % total
];

MAT_empty_ING_TOX = [
0.00000E+00 9.05681E-17 4.59607E-16 6.44799E-16 8.25936E-16 1.00877E-15 1.64615E-15 3.49952E-14 3.59999E-14 3.67721E-14 3.87728E-14 % hydrogen
0.00000E+00 0.00000E+00 0.00000E+00 0.00000E+00 0.00000E+00 0.00000E+00 0.00000E+00 0.00000E+00 0.00000E+00 0.00000E+00 0.00000E+00 % lost data
0.00000E+00 9.05681E-17 4.59607E-16 6.44799E-16 8.25936E-16 1.00877E-15 1.64615E-15 3.49952E-14 3.59999E-14 3.67721E-14 3.87728E-14 % total
];

MAT_empty_INH_TOX = [
0.00000E+00 5.60660E-16 2.84519E-15 3.99162E-15 5.11294E-15 6.24476E-15 1.01904E-14 2.16637E-13 2.22856E-13 2.27637E-13 2.40022E-13 % hydrogen
0.00000E+00 0.00000E+00 0.00000E+00 0.00000E+00 0.00000E+00 0.00000E+00 0.00000E+00 0.00000E+00 0.00000E+00 0.00000E+00 0.00000E+00 % lost data
0.00000E+00 5.60660E-16 2.84519E-15 3.99162E-15 5.11294E-15 6.24476E-15 1.01904E-14 2.16637E-13 2.22856E-13 2.27637E-13 2.40022E-13 % total
];

