
ZAI = [
1
666
0
];

NAMES = [
'hydrogen        '
'lost            '
'total           '
];

i1      = 1; ihydrogen         = 1;
iLOST    = 2;
iTOT     = 3;

MAT_fuel_VOLUME = [ 5.00000E+00 5.00000E+00 5.00000E+00 5.00000E+00 5.00000E+00 5.00000E+00 5.00000E+00 5.00000E+00 5.00000E+00 5.00000E+00 5.00000E+00 ];

MAT_fuel_BURNUP = [ 0.00000E+00 6.17667E-07 1.23537E-06 1.85304E-06 2.47073E-06 3.08841E-06 3.70608E-06 4.32373E-06 4.94142E-06 5.55911E-06 6.17676E-06 ];

MAT_fuel_ADENS = [
0.00000E+00 1.20137E-27 6.11770E-27 1.70661E-26 3.61784E-26 6.98068E-26 1.20231E-25 1.78741E-25 2.44631E-25 3.34841E-25 4.39488E-25 % hydrogen
0.00000E+00 1.34073E-17 2.68083E-17 4.01986E-17 5.35747E-17 6.69000E-17 8.01974E-17 9.35631E-17 1.06891E-16 1.20228E-16 1.33504E-16 % lost data
4.74981E-02 4.74981E-02 4.74981E-02 4.74981E-02 4.74981E-02 4.74981E-02 4.74981E-02 4.74981E-02 4.74981E-02 4.74981E-02 4.74981E-02 % total
];

MAT_fuel_MDENS = [
0.00000E+00 2.25088E-27 1.12022E-26 3.14552E-26 6.79737E-26 1.30067E-25 2.23037E-25 3.29034E-25 4.44379E-25 6.04355E-25 7.92511E-25 % hydrogen
0.00000E+00 0.00000E+00 0.00000E+00 0.00000E+00 0.00000E+00 0.00000E+00 0.00000E+00 0.00000E+00 0.00000E+00 0.00000E+00 0.00000E+00 % lost data
1.87400E+01 1.87400E+01 1.87400E+01 1.87400E+01 1.87400E+01 1.87400E+01 1.87400E+01 1.87400E+01 1.87400E+01 1.87400E+01 1.87400E+01 % total
];

MAT_fuel_A = [
0.00000E+00 1.97241E-13 7.93276E-13 2.88392E-12 8.52633E-12 1.50655E-11 2.45074E-11 3.27631E-11 3.56859E-11 4.29628E-11 5.51741E-11 % hydrogen
0.00000E+00 0.00000E+00 0.00000E+00 0.00000E+00 0.00000E+00 0.00000E+00 0.00000E+00 0.00000E+00 0.00000E+00 0.00000E+00 0.00000E+00 % lost data
2.11398E+06 3.10974E+13 4.21291E+13 4.86441E+13 5.31963E+13 5.66394E+13 5.94470E+13 6.18184E+13 6.38475E+13 6.56434E+13 6.72221E+13 % total
];

MAT_fuel_H = [
0.00000E+00 1.79813E-28 7.23181E-28 2.62910E-27 7.77293E-27 1.37343E-26 2.23419E-26 2.98681E-26 3.25327E-26 3.91666E-26 5.02988E-26 % hydrogen
0.00000E+00 0.00000E+00 0.00000E+00 0.00000E+00 0.00000E+00 0.00000E+00 0.00000E+00 0.00000E+00 0.00000E+00 0.00000E+00 0.00000E+00 % lost data
1.50875E-06 1.92313E+01 2.50183E+01 2.82202E+01 3.03654E+01 3.19380E+01 3.32070E+01 3.42732E+01 3.51753E+01 3.59741E+01 3.66674E+01 % total
];

MAT_fuel_SF = [
0.00000E+00 0.00000E+00 0.00000E+00 0.00000E+00 0.00000E+00 0.00000E+00 0.00000E+00 0.00000E+00 0.00000E+00 0.00000E+00 0.00000E+00 % hydrogen
0.00000E+00 0.00000E+00 0.00000E+00 0.00000E+00 0.00000E+00 0.00000E+00 0.00000E+00 0.00000E+00 0.00000E+00 0.00000E+00 0.00000E+00 % lost data
5.40799E+01 5.40799E+01 5.40799E+01 5.40799E+01 5.40799E+01 5.40799E+01 5.40799E+01 5.40799E+01 5.40799E+01 5.40799E+01 5.40799E+01 % total
];

MAT_fuel_GSRC = [
0.00000E+00 0.00000E+00 0.00000E+00 0.00000E+00 0.00000E+00 0.00000E+00 0.00000E+00 0.00000E+00 0.00000E+00 0.00000E+00 0.00000E+00 % hydrogen
0.00000E+00 0.00000E+00 0.00000E+00 0.00000E+00 0.00000E+00 0.00000E+00 0.00000E+00 0.00000E+00 0.00000E+00 0.00000E+00 0.00000E+00 % lost data
1.43723E+06 2.29188E+13 3.13461E+13 3.62487E+13 3.95182E+13 4.18616E+13 4.36747E+13 4.51400E+13 4.63550E+13 4.74033E+13 4.83100E+13 % total
];

MAT_fuel_ING_TOX = [
0.00000E+00 8.28413E-24 3.33176E-23 1.21125E-22 3.58106E-22 6.32752E-22 1.02931E-21 1.37605E-21 1.49881E-21 1.80444E-21 2.31731E-21 % hydrogen
0.00000E+00 0.00000E+00 0.00000E+00 0.00000E+00 0.00000E+00 0.00000E+00 0.00000E+00 0.00000E+00 0.00000E+00 0.00000E+00 0.00000E+00 % lost data
9.73760E-02 2.12707E+00 4.69545E+00 7.62532E+00 1.08222E+01 1.42312E+01 1.78087E+01 2.15241E+01 2.53614E+01 2.93009E+01 3.33353E+01 % total
];

MAT_fuel_INH_TOX = [
0.00000E+00 5.12827E-23 2.06252E-22 7.49820E-22 2.21685E-21 3.91703E-21 6.37192E-21 8.51841E-21 9.27834E-21 1.11703E-20 1.43453E-20 % hydrogen
0.00000E+00 0.00000E+00 0.00000E+00 0.00000E+00 0.00000E+00 0.00000E+00 0.00000E+00 0.00000E+00 0.00000E+00 0.00000E+00 0.00000E+00 % lost data
1.74736E+01 1.85873E+01 1.99708E+01 2.15284E+01 2.32115E+01 2.49931E+01 2.68505E+01 2.87685E+01 3.07405E+01 3.27563E+01 3.48144E+01 % total
];

MAT_empty_VOLUME = [ 5.00000E+00 5.00000E+00 5.00000E+00 5.00000E+00 5.00000E+00 5.00000E+00 5.00000E+00 5.00000E+00 5.00000E+00 5.00000E+00 5.00000E+00 ];

MAT_empty_BURNUP = [ 0.00000E+00 0.00000E+00 0.00000E+00 0.00000E+00 0.00000E+00 0.00000E+00 0.00000E+00 0.00000E+00 0.00000E+00 0.00000E+00 0.00000E+00 ];

MAT_empty_ADENS = [
0.00000E+00 2.73749E-03 5.06435E-03 7.04219E-03 8.72334E-03 1.01523E-02 1.13670E-02 1.23994E-02 1.32770E-02 1.40229E-02 1.46570E-02 % hydrogen
0.00000E+00 0.00000E+00 0.00000E+00 0.00000E+00 0.00000E+00 0.00000E+00 0.00000E+00 0.00000E+00 0.00000E+00 0.00000E+00 0.00000E+00 % lost data
1.50453E-01 1.58666E-01 1.65646E-01 1.71580E-01 1.76623E-01 1.80910E-01 1.84554E-01 1.87651E-01 1.90284E-01 1.92522E-01 1.94424E-01 % total
];

MAT_empty_MDENS = [
0.00000E+00 4.58135E-03 8.47549E-03 1.17855E-02 1.45990E-02 1.69905E-02 1.90233E-02 2.07512E-02 2.22198E-02 2.34682E-02 2.45293E-02 % hydrogen
0.00000E+00 0.00000E+00 0.00000E+00 0.00000E+00 0.00000E+00 0.00000E+00 0.00000E+00 0.00000E+00 0.00000E+00 0.00000E+00 0.00000E+00 % lost data
1.00000E+00 1.15000E+00 1.27750E+00 1.38587E+00 1.47799E+00 1.55629E+00 1.62285E+00 1.67942E+00 1.72751E+00 1.76838E+00 1.80313E+00 % total
];

MAT_empty_A = [
0.00000E+00 6.51517E-16 4.06664E-06 8.89751E-06 1.22008E-05 1.37542E-03 2.96809E-03 3.95397E-03 4.94481E-03 5.65644E-03 6.26125E-03 % hydrogen
0.00000E+00 0.00000E+00 0.00000E+00 0.00000E+00 0.00000E+00 0.00000E+00 0.00000E+00 0.00000E+00 0.00000E+00 0.00000E+00 0.00000E+00 % lost data
0.00000E+00 1.34671E+07 7.23802E+07 1.24034E+08 1.82972E+08 2.32358E+08 2.56905E+08 2.66837E+08 3.00062E+08 3.40874E+08 3.68280E+08 % total
];

MAT_empty_H = [
0.00000E+00 5.93948E-31 3.70730E-21 8.11131E-21 1.11227E-20 1.25389E-18 2.70582E-18 3.60459E-18 4.50788E-18 5.15662E-18 5.70799E-18 % hydrogen
0.00000E+00 0.00000E+00 0.00000E+00 0.00000E+00 0.00000E+00 0.00000E+00 0.00000E+00 0.00000E+00 0.00000E+00 0.00000E+00 0.00000E+00 % lost data
0.00000E+00 1.56433E-05 8.40760E-05 1.44077E-04 2.12539E-04 2.69900E-04 2.98401E-04 3.09935E-04 3.48518E-04 3.95923E-04 4.27757E-04 % total
];

MAT_empty_SF = [
0.00000E+00 0.00000E+00 0.00000E+00 0.00000E+00 0.00000E+00 0.00000E+00 0.00000E+00 0.00000E+00 0.00000E+00 0.00000E+00 0.00000E+00 % hydrogen
0.00000E+00 0.00000E+00 0.00000E+00 0.00000E+00 0.00000E+00 0.00000E+00 0.00000E+00 0.00000E+00 0.00000E+00 0.00000E+00 0.00000E+00 % lost data
0.00000E+00 0.00000E+00 0.00000E+00 0.00000E+00 0.00000E+00 0.00000E+00 0.00000E+00 0.00000E+00 0.00000E+00 0.00000E+00 0.00000E+00 % total
];

MAT_empty_GSRC = [
0.00000E+00 0.00000E+00 0.00000E+00 0.00000E+00 0.00000E+00 0.00000E+00 0.00000E+00 0.00000E+00 0.00000E+00 0.00000E+00 0.00000E+00 % hydrogen
0.00000E+00 0.00000E+00 0.00000E+00 0.00000E+00 0.00000E+00 0.00000E+00 0.00000E+00 0.00000E+00 0.00000E+00 0.00000E+00 0.00000E+00 % lost data
0.00000E+00 9.84804E+06 5.29293E+07 9.07021E+07 1.33802E+08 1.69922E+08 1.87891E+08 1.95157E+08 2.19470E+08 2.49316E+08 2.69358E+08 % total
];

MAT_empty_ING_TOX = [
0.00000E+00 2.73637E-26 1.70799E-16 3.73696E-16 5.12432E-16 5.77677E-14 1.24660E-13 1.66067E-13 2.07682E-13 2.37570E-13 2.62972E-13 % hydrogen
0.00000E+00 0.00000E+00 0.00000E+00 0.00000E+00 0.00000E+00 0.00000E+00 0.00000E+00 0.00000E+00 0.00000E+00 0.00000E+00 0.00000E+00 % lost data
0.00000E+00 4.40626E-26 1.70799E-16 3.73696E-16 5.12432E-16 5.77677E-14 1.24660E-13 1.66067E-13 2.07682E-13 2.37570E-13 2.62972E-13 % total
];

MAT_empty_INH_TOX = [
0.00000E+00 1.69394E-25 1.05733E-15 2.31335E-15 3.17220E-15 3.57609E-13 7.71703E-13 1.02803E-12 1.28565E-12 1.47067E-12 1.62792E-12 % hydrogen
0.00000E+00 0.00000E+00 0.00000E+00 0.00000E+00 0.00000E+00 0.00000E+00 0.00000E+00 0.00000E+00 0.00000E+00 0.00000E+00 0.00000E+00 % lost data
0.00000E+00 3.36383E-25 1.05733E-15 2.31335E-15 3.17220E-15 3.57609E-13 7.71703E-13 1.02803E-12 1.28565E-12 1.47067E-12 1.62792E-12 % total
];

