
ZAI = [
1
666
0
];

NAMES = [
'hydrogen        '
'lost            '
'total           '
];

i1      = 1; ihydrogen         = 1;
iLOST    = 2;
iTOT     = 3;

MAT_fuel_VOLUME = [ 5.00000E+00 5.00000E+00 5.00000E+00 5.00000E+00 5.00000E+00 5.00000E+00 5.00000E+00 5.00000E+00 5.00000E+00 5.00000E+00 5.00000E+00 ];

MAT_fuel_BURNUP = [ 0.00000E+00 6.17667E-07 1.23532E-06 1.85297E-06 2.47064E-06 3.08833E-06 3.70602E-06 4.32371E-06 4.94143E-06 5.55910E-06 6.17682E-06 ];

MAT_fuel_ADENS = [
0.00000E+00 1.20137E-27 5.02660E-27 1.51521E-26 3.00891E-26 5.70990E-26 9.85953E-26 1.57741E-25 2.26331E-25 3.08257E-25 3.95256E-25 % hydrogen
0.00000E+00 1.34073E-17 2.67998E-17 4.01547E-17 5.34988E-17 6.68449E-17 8.01874E-17 9.35334E-17 1.06838E-16 1.20132E-16 1.33411E-16 % lost data
4.74981E-02 4.74981E-02 4.74981E-02 4.74981E-02 4.74981E-02 4.74981E-02 4.74981E-02 4.74981E-02 4.74981E-02 4.74981E-02 4.74981E-02 % total
];

MAT_fuel_MDENS = [
0.00000E+00 2.25088E-27 9.15268E-27 2.72006E-26 5.42026E-26 1.01414E-25 1.75172E-25 2.82339E-25 4.07564E-25 5.55889E-25 7.10193E-25 % hydrogen
0.00000E+00 0.00000E+00 0.00000E+00 0.00000E+00 0.00000E+00 0.00000E+00 0.00000E+00 0.00000E+00 0.00000E+00 0.00000E+00 0.00000E+00 % lost data
1.87400E+01 1.87400E+01 1.87400E+01 1.87400E+01 1.87400E+01 1.87400E+01 1.87400E+01 1.87400E+01 1.87400E+01 1.87400E+01 1.87400E+01 % total
];

MAT_fuel_A = [
0.00000E+00 1.97241E-13 5.64212E-13 1.34158E-12 3.32384E-12 4.32289E-12 7.82215E-12 1.63269E-11 2.76295E-11 3.91693E-11 4.62503E-11 % hydrogen
0.00000E+00 0.00000E+00 0.00000E+00 0.00000E+00 0.00000E+00 0.00000E+00 0.00000E+00 0.00000E+00 0.00000E+00 0.00000E+00 0.00000E+00 % lost data
2.11398E+06 3.10974E+13 4.21192E+13 4.86147E+13 5.31679E+13 5.66458E+13 5.94477E+13 6.18074E+13 6.38499E+13 6.56314E+13 6.72203E+13 % total
];

MAT_fuel_H = [
0.00000E+00 1.79813E-28 5.14357E-28 1.22304E-27 3.03014E-27 3.94091E-27 7.13097E-27 1.48842E-26 2.51881E-26 3.57083E-26 4.21635E-26 % hydrogen
0.00000E+00 0.00000E+00 0.00000E+00 0.00000E+00 0.00000E+00 0.00000E+00 0.00000E+00 0.00000E+00 0.00000E+00 0.00000E+00 0.00000E+00 % lost data
1.50875E-06 1.92313E+01 2.50117E+01 2.82001E+01 3.03466E+01 3.19437E+01 3.32084E+01 3.42660E+01 3.51771E+01 3.59654E+01 3.66662E+01 % total
];

MAT_fuel_SF = [
0.00000E+00 0.00000E+00 0.00000E+00 0.00000E+00 0.00000E+00 0.00000E+00 0.00000E+00 0.00000E+00 0.00000E+00 0.00000E+00 0.00000E+00 % hydrogen
0.00000E+00 0.00000E+00 0.00000E+00 0.00000E+00 0.00000E+00 0.00000E+00 0.00000E+00 0.00000E+00 0.00000E+00 0.00000E+00 0.00000E+00 % lost data
5.40799E+01 5.40799E+01 5.40799E+01 5.40799E+01 5.40799E+01 5.40799E+01 5.40799E+01 5.40799E+01 5.40799E+01 5.40799E+01 5.40799E+01 % total
];

MAT_fuel_GSRC = [
0.00000E+00 0.00000E+00 0.00000E+00 0.00000E+00 0.00000E+00 0.00000E+00 0.00000E+00 0.00000E+00 0.00000E+00 0.00000E+00 0.00000E+00 % hydrogen
0.00000E+00 0.00000E+00 0.00000E+00 0.00000E+00 0.00000E+00 0.00000E+00 0.00000E+00 0.00000E+00 0.00000E+00 0.00000E+00 0.00000E+00 % lost data
1.43723E+06 2.29188E+13 3.13398E+13 3.62307E+13 3.95005E+13 4.18639E+13 4.36735E+13 4.51328E+13 4.63567E+13 4.73970E+13 4.83089E+13 % total
];

MAT_fuel_ING_TOX = [
0.00000E+00 8.28413E-24 2.36969E-23 5.63465E-23 1.39601E-22 1.81561E-22 3.28530E-22 6.85729E-22 1.16044E-21 1.64511E-21 1.94251E-21 % hydrogen
0.00000E+00 0.00000E+00 0.00000E+00 0.00000E+00 0.00000E+00 0.00000E+00 0.00000E+00 0.00000E+00 0.00000E+00 0.00000E+00 0.00000E+00 % lost data
9.73760E-02 2.12707E+00 4.69603E+00 7.62927E+00 1.08289E+01 1.42356E+01 1.78123E+01 2.15293E+01 2.53667E+01 2.93093E+01 3.33451E+01 % total
];

MAT_fuel_INH_TOX = [
0.00000E+00 5.12827E-23 1.46695E-22 3.48812E-22 8.64199E-22 1.12395E-21 2.03376E-21 4.24499E-21 7.18368E-21 1.01840E-20 1.20251E-20 % hydrogen
0.00000E+00 0.00000E+00 0.00000E+00 0.00000E+00 0.00000E+00 0.00000E+00 0.00000E+00 0.00000E+00 0.00000E+00 0.00000E+00 0.00000E+00 % lost data
1.74736E+01 1.85873E+01 1.99712E+01 2.15312E+01 2.32164E+01 2.49964E+01 2.68534E+01 2.87727E+01 3.07446E+01 3.27629E+01 3.48220E+01 % total
];

MAT_empty_VOLUME = [ 5.00000E+00 5.00000E+00 5.00000E+00 5.00000E+00 5.00000E+00 5.00000E+00 5.00000E+00 5.00000E+00 5.00000E+00 5.00000E+00 5.00000E+00 ];

MAT_empty_BURNUP = [ 0.00000E+00 0.00000E+00 0.00000E+00 0.00000E+00 0.00000E+00 0.00000E+00 0.00000E+00 0.00000E+00 0.00000E+00 0.00000E+00 0.00000E+00 ];

MAT_empty_ADENS = [
0.00000E+00 2.54207E-03 4.73005E-03 6.61325E-03 8.23415E-03 9.62926E-03 1.08301E-02 1.18636E-02 1.27531E-02 1.35188E-02 1.41778E-02 % hydrogen
0.00000E+00 0.00000E+00 0.00000E+00 0.00000E+00 0.00000E+00 0.00000E+00 0.00000E+00 0.00000E+00 0.00000E+00 0.00000E+00 0.00000E+00 % lost data
1.50453E-01 1.58079E-01 1.64643E-01 1.70293E-01 1.75156E-01 1.79341E-01 1.82943E-01 1.86044E-01 1.88713E-01 1.91010E-01 1.92987E-01 % total
];

MAT_empty_MDENS = [
0.00000E+00 4.25430E-03 7.91601E-03 1.10677E-02 1.37803E-02 1.61152E-02 1.81247E-02 1.98544E-02 2.13432E-02 2.26245E-02 2.37274E-02 % hydrogen
0.00000E+00 0.00000E+00 0.00000E+00 0.00000E+00 0.00000E+00 0.00000E+00 0.00000E+00 0.00000E+00 0.00000E+00 0.00000E+00 0.00000E+00 % lost data
1.00000E+00 1.13929E+00 1.25918E+00 1.36237E+00 1.45119E+00 1.52763E+00 1.59343E+00 1.65006E+00 1.69881E+00 1.74076E+00 1.77687E+00 % total
];

MAT_empty_A = [
0.00000E+00 1.95240E-06 5.49402E-06 8.69239E-06 1.16489E-05 1.39720E-05 1.66156E-05 1.83478E-05 1.99351E-05 2.26261E-05 2.37431E-05 % hydrogen
0.00000E+00 0.00000E+00 0.00000E+00 0.00000E+00 0.00000E+00 0.00000E+00 0.00000E+00 0.00000E+00 0.00000E+00 0.00000E+00 0.00000E+00 % lost data
0.00000E+00 2.47439E+07 6.44337E+07 1.14952E+08 1.59840E+08 1.97776E+08 2.18368E+08 2.62570E+08 2.90970E+08 3.00785E+08 3.63256E+08 % total
];

MAT_empty_H = [
0.00000E+00 1.77989E-21 5.00856E-21 7.92432E-21 1.06196E-20 1.27374E-20 1.51474E-20 1.67266E-20 1.81736E-20 2.06268E-20 2.16452E-20 % hydrogen
0.00000E+00 0.00000E+00 0.00000E+00 0.00000E+00 0.00000E+00 0.00000E+00 0.00000E+00 0.00000E+00 0.00000E+00 0.00000E+00 0.00000E+00 % lost data
0.00000E+00 2.87423E-05 7.48454E-05 1.33526E-04 1.85668E-04 2.29735E-04 2.53654E-04 3.04999E-04 3.37987E-04 3.49388E-04 4.21954E-04 % total
];

MAT_empty_SF = [
0.00000E+00 0.00000E+00 0.00000E+00 0.00000E+00 0.00000E+00 0.00000E+00 0.00000E+00 0.00000E+00 0.00000E+00 0.00000E+00 0.00000E+00 % hydrogen
0.00000E+00 0.00000E+00 0.00000E+00 0.00000E+00 0.00000E+00 0.00000E+00 0.00000E+00 0.00000E+00 0.00000E+00 0.00000E+00 0.00000E+00 % lost data
0.00000E+00 0.00000E+00 0.00000E+00 0.00000E+00 0.00000E+00 0.00000E+00 0.00000E+00 0.00000E+00 0.00000E+00 0.00000E+00 0.00000E+00 % total
];

MAT_empty_GSRC = [
0.00000E+00 0.00000E+00 0.00000E+00 0.00000E+00 0.00000E+00 0.00000E+00 0.00000E+00 0.00000E+00 0.00000E+00 0.00000E+00 0.00000E+00 % hydrogen
0.00000E+00 0.00000E+00 0.00000E+00 0.00000E+00 0.00000E+00 0.00000E+00 0.00000E+00 0.00000E+00 0.00000E+00 0.00000E+00 0.00000E+00 % lost data
0.00000E+00 1.80945E+07 4.71183E+07 8.40604E+07 1.16886E+08 1.44627E+08 1.59685E+08 1.92009E+08 2.12777E+08 2.19954E+08 2.65637E+08 % total
];

MAT_empty_ING_TOX = [
0.00000E+00 8.20010E-17 2.30749E-16 3.65081E-16 4.89255E-16 5.86823E-16 6.97855E-16 7.70608E-16 8.37276E-16 9.50296E-16 9.97212E-16 % hydrogen
0.00000E+00 0.00000E+00 0.00000E+00 0.00000E+00 0.00000E+00 0.00000E+00 0.00000E+00 0.00000E+00 0.00000E+00 0.00000E+00 0.00000E+00 % lost data
0.00000E+00 8.20010E-17 2.30749E-16 3.65081E-16 4.89255E-16 5.86823E-16 6.97855E-16 7.70608E-16 8.37276E-16 9.50296E-16 9.97212E-16 % total
];

MAT_empty_INH_TOX = [
0.00000E+00 5.07625E-16 1.42845E-15 2.26002E-15 3.02872E-15 3.63271E-15 4.32006E-15 4.77043E-15 5.18314E-15 5.88279E-15 6.17322E-15 % hydrogen
0.00000E+00 0.00000E+00 0.00000E+00 0.00000E+00 0.00000E+00 0.00000E+00 0.00000E+00 0.00000E+00 0.00000E+00 0.00000E+00 0.00000E+00 % lost data
0.00000E+00 5.07625E-16 1.42845E-15 2.26002E-15 3.02872E-15 3.63271E-15 4.32006E-15 4.77043E-15 5.18314E-15 5.88279E-15 6.17322E-15 % total
];

