
ZAI = [
1
8
666
0
];

NAMES = [
'hydrogen        '
'oxygen          '
'lost            '
'total           '
];

i1      = 1; ihydrogen         = 1;
i8      = 2; ioxygen           = 2;
iLOST    = 3;
iTOT     = 4;

MAT_empty_VOLUME = [ 1.00000E+00 1.00000E+00 1.00000E+00 1.00000E+00 1.00000E+00 1.00000E+00 1.00000E+00 1.00000E+00 1.00000E+00 1.00000E+00 1.00000E+00 ];

MAT_empty_BURNUP = [ 0.00000E+00 0.00000E+00 0.00000E+00 0.00000E+00 0.00000E+00 0.00000E+00 0.00000E+00 0.00000E+00 0.00000E+00 0.00000E+00 0.00000E+00 ];

MAT_empty_ADENS = [
0.00000E+00 1.81590E-04 1.90102E-03 8.33381E-03 1.22355E-02 1.46020E-02 1.60373E-02 1.69079E-02 1.74359E-02 1.75134E-02 1.75207E-02 % hydrogen
0.00000E+00 3.63179E-04 3.80204E-03 1.66676E-02 2.44710E-02 2.92040E-02 3.20747E-02 3.38158E-02 3.48719E-02 3.50268E-02 3.50415E-02 % oxygen
0.00000E+00 0.00000E+00 0.00000E+00 0.00000E+00 0.00000E+00 0.00000E+00 0.00000E+00 0.00000E+00 0.00000E+00 0.00000E+00 0.00000E+00 % lost data
0.00000E+00 5.44769E-04 5.70305E-03 2.50014E-02 3.67065E-02 4.38059E-02 4.81120E-02 5.07237E-02 5.23078E-02 5.25402E-02 5.25622E-02 % total
];

MAT_empty_MDENS = [
0.00000E+00 3.03901E-04 3.18147E-03 1.39471E-02 2.04768E-02 2.44373E-02 2.68394E-02 2.82964E-02 2.91801E-02 2.93097E-02 2.93220E-02 % hydrogen
0.00000E+00 9.64627E-03 1.00984E-01 4.42702E-01 6.49964E-01 7.75675E-01 8.51923E-01 8.98169E-01 9.26219E-01 9.30334E-01 9.30723E-01 % oxygen
0.00000E+00 0.00000E+00 0.00000E+00 0.00000E+00 0.00000E+00 0.00000E+00 0.00000E+00 0.00000E+00 0.00000E+00 0.00000E+00 0.00000E+00 % lost data
0.00000E+00 9.95017E-03 1.04166E-01 4.56649E-01 6.70441E-01 8.00112E-01 8.78762E-01 9.26465E-01 9.55399E-01 9.59643E-01 9.60045E-01 % total
];

MAT_empty_A = [
0.00000E+00 1.00203E-20 1.60768E-17 1.83377E-15 2.59978E-03 6.03887E-03 8.12478E-03 9.38995E-03 1.01573E-02 1.02699E-02 1.02805E-02 % hydrogen
0.00000E+00 0.00000E+00 0.00000E+00 0.00000E+00 5.93170E+03 1.34326E+04 1.75772E+04 1.97508E+04 2.07698E+04 2.08816E+04 2.08914E+04 % oxygen
0.00000E+00 0.00000E+00 0.00000E+00 0.00000E+00 0.00000E+00 0.00000E+00 0.00000E+00 0.00000E+00 0.00000E+00 0.00000E+00 0.00000E+00 % lost data
0.00000E+00 1.89036E+04 2.19691E+06 1.00719E+07 3.62919E+07 8.96606E+07 8.15748E+07 1.50892E+08 1.17039E+08 1.07238E+08 1.07549E+08 % total
];

MAT_empty_H = [
0.00000E+00 9.13489E-36 1.46563E-32 1.67174E-30 2.37006E-18 5.50526E-18 7.40687E-18 8.56024E-18 9.25980E-18 9.36242E-18 9.37213E-18 % hydrogen
0.00000E+00 0.00000E+00 0.00000E+00 0.00000E+00 1.66839E-09 3.77814E-09 4.94387E-09 5.55523E-09 5.84186E-09 5.87329E-09 5.87606E-09 % oxygen
0.00000E+00 0.00000E+00 0.00000E+00 0.00000E+00 0.00000E+00 0.00000E+00 0.00000E+00 0.00000E+00 0.00000E+00 0.00000E+00 0.00000E+00 % lost data
0.00000E+00 2.19583E-08 2.55191E-06 1.16994E-05 4.21511E-05 1.04137E-04 9.47410E-05 1.75257E-04 1.35933E-04 1.24548E-04 1.24910E-04 % total
];

MAT_empty_SF = [
0.00000E+00 0.00000E+00 0.00000E+00 0.00000E+00 0.00000E+00 0.00000E+00 0.00000E+00 0.00000E+00 0.00000E+00 0.00000E+00 0.00000E+00 % hydrogen
0.00000E+00 0.00000E+00 0.00000E+00 0.00000E+00 0.00000E+00 0.00000E+00 0.00000E+00 0.00000E+00 0.00000E+00 0.00000E+00 0.00000E+00 % oxygen
0.00000E+00 0.00000E+00 0.00000E+00 0.00000E+00 0.00000E+00 0.00000E+00 0.00000E+00 0.00000E+00 0.00000E+00 0.00000E+00 0.00000E+00 % lost data
0.00000E+00 0.00000E+00 0.00000E+00 0.00000E+00 0.00000E+00 0.00000E+00 0.00000E+00 0.00000E+00 0.00000E+00 0.00000E+00 0.00000E+00 % total
];

MAT_empty_GSRC = [
0.00000E+00 0.00000E+00 0.00000E+00 0.00000E+00 0.00000E+00 0.00000E+00 0.00000E+00 0.00000E+00 0.00000E+00 0.00000E+00 0.00000E+00 % hydrogen
0.00000E+00 0.00000E+00 0.00000E+00 0.00000E+00 1.18516E+04 2.68384E+04 3.51194E+04 3.94622E+04 4.14983E+04 4.17216E+04 4.17412E+04 % oxygen
0.00000E+00 0.00000E+00 0.00000E+00 0.00000E+00 0.00000E+00 0.00000E+00 0.00000E+00 0.00000E+00 0.00000E+00 0.00000E+00 0.00000E+00 % lost data
0.00000E+00 1.38236E+04 1.60652E+06 7.36521E+06 2.65466E+07 6.55828E+07 5.96751E+07 1.10367E+08 8.56129E+07 7.84457E+07 7.86737E+07 % total
];

MAT_empty_ING_TOX = [
0.00000E+00 4.20852E-31 6.75227E-28 7.70185E-26 1.09191E-13 2.53632E-13 3.41241E-13 3.94378E-13 4.26607E-13 4.31335E-13 4.31783E-13 % hydrogen
0.00000E+00 0.00000E+00 0.00000E+00 0.00000E+00 0.00000E+00 0.00000E+00 0.00000E+00 0.00000E+00 0.00000E+00 0.00000E+00 0.00000E+00 % oxygen
0.00000E+00 0.00000E+00 0.00000E+00 0.00000E+00 0.00000E+00 0.00000E+00 0.00000E+00 0.00000E+00 0.00000E+00 0.00000E+00 0.00000E+00 % lost data
0.00000E+00 6.69851E-31 1.02122E-27 1.21364E-25 1.09191E-13 2.53632E-13 3.41241E-13 3.94378E-13 4.26607E-13 4.31335E-13 4.31783E-13 % total
];

MAT_empty_INH_TOX = [
0.00000E+00 2.60528E-30 4.17998E-27 4.76781E-25 6.75942E-13 1.57011E-12 2.11244E-12 2.44139E-12 2.64090E-12 2.67017E-12 2.67294E-12 % hydrogen
0.00000E+00 0.00000E+00 0.00000E+00 0.00000E+00 0.00000E+00 0.00000E+00 0.00000E+00 0.00000E+00 0.00000E+00 0.00000E+00 0.00000E+00 % oxygen
0.00000E+00 0.00000E+00 0.00000E+00 0.00000E+00 0.00000E+00 0.00000E+00 0.00000E+00 0.00000E+00 0.00000E+00 0.00000E+00 0.00000E+00 % lost data
0.00000E+00 5.09526E-30 7.63987E-27 9.20235E-25 6.75942E-13 1.57011E-12 2.11244E-12 2.44139E-12 2.64090E-12 2.67017E-12 2.67294E-12 % total
];

MAT_water_VOLUME = [ 1.00000E+00 1.00000E+00 1.00000E+00 1.00000E+00 1.00000E+00 1.00000E+00 1.00000E+00 1.00000E+00 1.00000E+00 1.00000E+00 1.00000E+00 ];

MAT_water_BURNUP = [ 0.00000E+00 0.00000E+00 0.00000E+00 0.00000E+00 0.00000E+00 0.00000E+00 0.00000E+00 0.00000E+00 0.00000E+00 0.00000E+00 0.00000E+00 ];

MAT_water_ADENS = [
1.82499E-02 1.80683E-02 1.63489E-02 9.91611E-03 6.01442E-03 3.64793E-03 2.21258E-03 1.34200E-03 8.13964E-04 7.36505E-04 7.29176E-04 % hydrogen
3.64998E-02 3.61366E-02 3.26978E-02 1.98322E-02 1.20288E-02 7.29586E-03 4.42516E-03 2.68400E-03 1.62793E-03 1.47301E-03 1.45835E-03 % oxygen
0.00000E+00 0.00000E+00 0.00000E+00 0.00000E+00 0.00000E+00 0.00000E+00 0.00000E+00 0.00000E+00 0.00000E+00 0.00000E+00 0.00000E+00 % lost data
5.47497E-02 5.42050E-02 4.90467E-02 2.97483E-02 1.80433E-02 1.09438E-02 6.63775E-03 4.02600E-03 2.44189E-03 2.20951E-03 2.18753E-03 % total
];

MAT_water_MDENS = [
3.05423E-02 3.02384E-02 2.73609E-02 1.65952E-02 1.00655E-02 6.10503E-03 3.70289E-03 2.24592E-03 1.36222E-03 1.23258E-03 1.22032E-03 % hydrogen
9.69458E-01 9.59811E-01 8.68473E-01 5.26756E-01 3.19493E-01 1.93783E-01 1.17535E-01 7.12886E-02 4.32387E-02 3.91240E-02 3.87347E-02 % oxygen
0.00000E+00 0.00000E+00 0.00000E+00 0.00000E+00 0.00000E+00 0.00000E+00 0.00000E+00 0.00000E+00 0.00000E+00 0.00000E+00 0.00000E+00 % lost data
1.00000E+00 9.90050E-01 8.95834E-01 5.43351E-01 3.29559E-01 1.99888E-01 1.21238E-01 7.35345E-02 4.46010E-02 4.03566E-02 3.99551E-02 % total
];

MAT_water_A = [
0.00000E+00 7.82248E-19 1.57526E-16 1.81981E-15 8.74043E-03 5.30134E-03 3.21543E-03 1.95025E-03 1.18289E-03 1.07032E-03 1.05967E-03 % hydrogen
0.00000E+00 0.00000E+00 0.00000E+00 0.00000E+00 2.00452E+04 1.18182E+04 6.96770E+03 4.10799E+03 2.42197E+03 2.17910E+03 2.15619E+03 % oxygen
0.00000E+00 0.00000E+00 0.00000E+00 0.00000E+00 0.00000E+00 0.00000E+00 0.00000E+00 0.00000E+00 0.00000E+00 0.00000E+00 0.00000E+00 % lost data
0.00000E+00 7.48211E+05 1.03884E+07 1.01775E+07 3.00466E+07 1.20385E+07 8.09390E+06 3.02083E+06 1.71092E+06 1.65695E+06 1.68833E+06 % total
];

MAT_water_H = [
0.00000E+00 7.13127E-34 1.43607E-31 1.65901E-30 7.96811E-18 4.83291E-18 2.93131E-18 1.77793E-18 1.07837E-18 9.75747E-19 9.66038E-19 % hydrogen
0.00000E+00 0.00000E+00 0.00000E+00 0.00000E+00 5.63804E-09 3.32405E-09 1.95978E-09 1.15544E-09 6.81219E-10 6.12907E-10 6.06465E-10 % oxygen
0.00000E+00 0.00000E+00 0.00000E+00 0.00000E+00 0.00000E+00 0.00000E+00 0.00000E+00 0.00000E+00 0.00000E+00 0.00000E+00 0.00000E+00 % lost data
0.00000E+00 8.69115E-07 1.20671E-05 1.18221E-05 3.48842E-05 1.39734E-05 9.39566E-06 3.50536E-06 1.98525E-06 1.92278E-06 1.95925E-06 % total
];

