
ZAI = [
1
666
0
];

NAMES = [
'hydrogen        '
'lost            '
'total           '
];

i1      = 1; ihydrogen         = 1;
iLOST    = 2;
iTOT     = 3;

MAT_fuel_VOLUME = [ 5.00000E+00 5.00000E+00 5.00000E+00 5.00000E+00 5.00000E+00 5.00000E+00 5.00000E+00 5.00000E+00 5.00000E+00 5.00000E+00 5.00000E+00 ];

MAT_fuel_BURNUP = [ 0.00000E+00 1.23533E-08 1.35889E-07 7.53565E-07 1.37121E-06 1.98891E-06 2.60660E-06 3.22427E-06 3.84195E-06 3.96548E-06 3.97784E-06 ];

MAT_fuel_ADENS = [
0.00000E+00 3.54702E-31 3.16366E-29 1.22443E-27 7.20933E-27 1.79361E-26 4.53717E-26 7.92384E-26 1.21663E-25 1.33674E-25 1.34550E-25 % hydrogen
0.00000E+00 2.68146E-19 2.95222E-18 1.63514E-17 2.96986E-17 4.30189E-17 5.62837E-17 6.95263E-17 8.27292E-17 8.53613E-17 8.56246E-17 % lost data
4.74981E-02 4.74981E-02 4.74981E-02 4.74981E-02 4.74981E-02 4.74981E-02 4.74981E-02 4.74981E-02 4.74981E-02 4.74981E-02 4.74981E-02 % total
];

MAT_fuel_MDENS = [
0.00000E+00 6.73491E-31 5.90803E-29 2.19801E-27 1.37633E-26 3.26937E-26 8.54164E-26 1.46371E-25 2.20960E-25 2.42830E-25 2.44379E-25 % hydrogen
0.00000E+00 0.00000E+00 0.00000E+00 0.00000E+00 0.00000E+00 0.00000E+00 0.00000E+00 0.00000E+00 0.00000E+00 0.00000E+00 0.00000E+00 % lost data
1.87400E+01 1.87400E+01 1.87400E+01 1.87400E+01 1.87400E+01 1.87400E+01 1.87400E+01 1.87400E+01 1.87400E+01 1.87400E+01 1.87400E+01 % total
];

MAT_fuel_A = [
0.00000E+00 5.97543E-17 4.48075E-15 6.16716E-14 1.94562E-12 2.51563E-12 1.11007E-11 1.49513E-11 1.71087E-11 1.89722E-11 1.90365E-11 % hydrogen
0.00000E+00 0.00000E+00 0.00000E+00 0.00000E+00 0.00000E+00 0.00000E+00 0.00000E+00 0.00000E+00 0.00000E+00 0.00000E+00 0.00000E+00 % lost data
2.11398E+06 1.55675E+12 1.22459E+13 3.42020E+13 4.37975E+13 4.97371E+13 5.39692E+13 5.72560E+13 5.99126E+13 6.03868E+13 6.04337E+13 % total
];

MAT_fuel_H = [
0.00000E+00 5.44744E-32 4.08483E-30 5.62222E-29 1.77370E-27 2.29334E-27 1.01199E-26 1.36302E-26 1.55969E-26 1.72958E-26 1.73544E-26 % hydrogen
0.00000E+00 0.00000E+00 0.00000E+00 0.00000E+00 0.00000E+00 0.00000E+00 0.00000E+00 0.00000E+00 0.00000E+00 0.00000E+00 0.00000E+00 % lost data
1.50875E-06 1.11782E+00 8.23730E+00 2.09051E+01 2.58506E+01 2.87344E+01 3.07084E+01 3.22079E+01 3.33972E+01 3.36074E+01 3.36282E+01 % total
];

MAT_fuel_SF = [
0.00000E+00 0.00000E+00 0.00000E+00 0.00000E+00 0.00000E+00 0.00000E+00 0.00000E+00 0.00000E+00 0.00000E+00 0.00000E+00 0.00000E+00 % hydrogen
0.00000E+00 0.00000E+00 0.00000E+00 0.00000E+00 0.00000E+00 0.00000E+00 0.00000E+00 0.00000E+00 0.00000E+00 0.00000E+00 0.00000E+00 % lost data
5.40799E+01 5.40799E+01 5.40799E+01 5.40799E+01 5.40799E+01 5.40799E+01 5.40799E+01 5.40799E+01 5.40799E+01 5.40799E+01 5.40799E+01 % total
];

MAT_fuel_GSRC = [
0.00000E+00 0.00000E+00 0.00000E+00 0.00000E+00 0.00000E+00 0.00000E+00 0.00000E+00 0.00000E+00 0.00000E+00 0.00000E+00 0.00000E+00 % hydrogen
0.00000E+00 0.00000E+00 0.00000E+00 0.00000E+00 0.00000E+00 0.00000E+00 0.00000E+00 0.00000E+00 0.00000E+00 0.00000E+00 0.00000E+00 % lost data
1.43723E+06 1.00490E+12 8.58360E+12 2.52839E+13 3.26191E+13 3.70535E+13 4.00593E+13 4.22665E+13 4.39641E+13 4.42590E+13 4.42879E+13 % total
];

MAT_fuel_ING_TOX = [
0.00000E+00 2.50968E-27 1.88192E-25 2.59021E-24 8.17161E-23 1.05656E-22 4.66231E-22 6.27954E-22 7.18564E-22 7.96832E-22 7.99532E-22 % hydrogen
0.00000E+00 0.00000E+00 0.00000E+00 0.00000E+00 0.00000E+00 0.00000E+00 0.00000E+00 0.00000E+00 0.00000E+00 0.00000E+00 0.00000E+00 % lost data
9.73760E-02 1.30869E-01 4.83406E-01 2.65360E+00 5.31549E+00 8.31564E+00 1.15709E+01 1.50266E+01 1.86481E+01 1.93901E+01 1.94646E+01 % total
];

MAT_fuel_INH_TOX = [
0.00000E+00 1.55361E-26 1.16500E-24 1.60346E-23 5.05861E-22 6.54063E-22 2.88619E-21 3.88733E-21 4.44825E-21 4.93277E-21 4.94949E-21 % hydrogen
0.00000E+00 0.00000E+00 0.00000E+00 0.00000E+00 0.00000E+00 0.00000E+00 0.00000E+00 0.00000E+00 0.00000E+00 0.00000E+00 0.00000E+00 % lost data
1.74736E+01 1.74921E+01 1.76873E+01 1.88727E+01 2.03024E+01 2.18946E+01 2.36070E+01 2.54118E+01 2.72925E+01 2.76767E+01 2.77153E+01 % total
];

MAT_empty_VOLUME = [ 5.00000E+00 5.00000E+00 5.00000E+00 5.00000E+00 5.00000E+00 5.00000E+00 5.00000E+00 5.00000E+00 5.00000E+00 5.00000E+00 5.00000E+00 ];

MAT_empty_BURNUP = [ 0.00000E+00 0.00000E+00 0.00000E+00 0.00000E+00 0.00000E+00 0.00000E+00 0.00000E+00 0.00000E+00 0.00000E+00 0.00000E+00 0.00000E+00 ];

MAT_empty_ADENS = [
0.00000E+00 5.47497E-05 6.02247E-04 3.33973E-03 6.07722E-03 8.81471E-03 1.15522E-02 1.42897E-02 1.70272E-02 1.75747E-02 1.76294E-02 % hydrogen
0.00000E+00 0.00000E+00 0.00000E+00 0.00000E+00 0.00000E+00 0.00000E+00 0.00000E+00 0.00000E+00 0.00000E+00 0.00000E+00 0.00000E+00 % lost data
1.50453E-01 1.50617E-01 1.52260E-01 1.60472E-01 1.68685E-01 1.76897E-01 1.85110E-01 1.93322E-01 2.01535E-01 2.03177E-01 2.03341E-01 % total
];

MAT_empty_MDENS = [
0.00000E+00 9.16270E-05 1.00790E-03 5.58924E-03 1.01706E-02 1.47519E-02 1.93333E-02 2.39146E-02 2.84960E-02 2.94123E-02 2.95039E-02 % hydrogen
0.00000E+00 0.00000E+00 0.00000E+00 0.00000E+00 0.00000E+00 0.00000E+00 0.00000E+00 0.00000E+00 0.00000E+00 0.00000E+00 0.00000E+00 % lost data
1.00000E+00 1.00300E+00 1.03300E+00 1.18300E+00 1.33300E+00 1.48300E+00 1.63300E+00 1.78300E+00 1.93300E+00 1.96300E+00 1.96600E+00 % total
];

MAT_empty_A = [
0.00000E+00 8.62554E-10 1.81136E-08 1.04653E-07 4.86023E-07 9.22499E-07 1.74669E-06 2.58170E-06 3.37037E-06 5.31225E-06 5.59433E-06 % hydrogen
0.00000E+00 0.00000E+00 0.00000E+00 0.00000E+00 0.00000E+00 0.00000E+00 0.00000E+00 0.00000E+00 0.00000E+00 0.00000E+00 0.00000E+00 % lost data
0.00000E+00 1.34933E+04 1.71411E+06 3.51639E+07 9.35876E+07 1.61815E+08 2.42422E+08 3.06533E+08 3.81104E+08 4.01805E+08 4.02730E+08 % total
];

MAT_empty_H = [
0.00000E+00 7.86337E-25 1.65131E-23 9.54056E-23 4.43077E-22 8.40985E-22 1.59235E-21 2.35358E-21 3.07256E-21 4.84285E-21 5.10001E-21 % hydrogen
0.00000E+00 0.00000E+00 0.00000E+00 0.00000E+00 0.00000E+00 0.00000E+00 0.00000E+00 0.00000E+00 0.00000E+00 0.00000E+00 0.00000E+00 % lost data
0.00000E+00 1.56737E-08 1.99109E-06 4.08461E-05 1.08710E-04 1.87963E-04 2.81595E-04 3.56066E-04 4.42687E-04 4.66733E-04 4.67807E-04 % total
];

MAT_empty_SF = [
0.00000E+00 0.00000E+00 0.00000E+00 0.00000E+00 0.00000E+00 0.00000E+00 0.00000E+00 0.00000E+00 0.00000E+00 0.00000E+00 0.00000E+00 % hydrogen
0.00000E+00 0.00000E+00 0.00000E+00 0.00000E+00 0.00000E+00 0.00000E+00 0.00000E+00 0.00000E+00 0.00000E+00 0.00000E+00 0.00000E+00 % lost data
0.00000E+00 0.00000E+00 0.00000E+00 0.00000E+00 0.00000E+00 0.00000E+00 0.00000E+00 0.00000E+00 0.00000E+00 0.00000E+00 0.00000E+00 % total
];

MAT_empty_GSRC = [
0.00000E+00 0.00000E+00 0.00000E+00 0.00000E+00 0.00000E+00 0.00000E+00 0.00000E+00 0.00000E+00 0.00000E+00 0.00000E+00 0.00000E+00 % hydrogen
0.00000E+00 0.00000E+00 0.00000E+00 0.00000E+00 0.00000E+00 0.00000E+00 0.00000E+00 0.00000E+00 0.00000E+00 0.00000E+00 0.00000E+00 % lost data
0.00000E+00 9.86723E+03 1.25347E+06 2.57142E+07 6.84374E+07 1.18330E+08 1.77275E+08 2.24157E+08 2.78689E+08 2.93827E+08 2.94503E+08 % total
];

MAT_empty_ING_TOX = [
0.00000E+00 3.62272E-20 7.60772E-19 4.39542E-18 2.04129E-17 3.87449E-17 7.33610E-17 1.08431E-16 1.41556E-16 2.23114E-16 2.34962E-16 % hydrogen
0.00000E+00 0.00000E+00 0.00000E+00 0.00000E+00 0.00000E+00 0.00000E+00 0.00000E+00 0.00000E+00 0.00000E+00 0.00000E+00 0.00000E+00 % lost data
0.00000E+00 3.62272E-20 7.60772E-19 4.39542E-18 2.04129E-17 3.87450E-17 7.33610E-17 1.08431E-16 1.41556E-16 2.23114E-16 2.34962E-16 % total
];

MAT_empty_INH_TOX = [
0.00000E+00 2.24264E-19 4.70954E-18 2.72098E-17 1.26366E-16 2.39850E-16 4.54139E-16 6.71242E-16 8.76297E-16 1.38118E-15 1.45453E-15 % hydrogen
0.00000E+00 0.00000E+00 0.00000E+00 0.00000E+00 0.00000E+00 0.00000E+00 0.00000E+00 0.00000E+00 0.00000E+00 0.00000E+00 0.00000E+00 % lost data
0.00000E+00 2.24264E-19 4.70954E-18 2.72098E-17 1.26366E-16 2.39850E-16 4.54139E-16 6.71242E-16 8.76297E-16 1.38118E-15 1.45453E-15 % total
];

