
ZAI = [
1
666
0
];

NAMES = [
'hydrogen        '
'lost            '
'total           '
];

i1      = 1; ihydrogen         = 1;
iLOST    = 2;
iTOT     = 3;

MAT_fuel_VOLUME = [ 5.00000E+00 5.00000E+00 5.00000E+00 5.00000E+00 5.00000E+00 5.00000E+00 5.00000E+00 5.00000E+00 5.00000E+00 5.00000E+00 5.00000E+00 ];

MAT_fuel_BURNUP = [ 0.00000E+00 1.23533E-08 1.35890E-07 7.53579E-07 1.37126E-06 1.98895E-06 2.60666E-06 3.22432E-06 3.84200E-06 3.96554E-06 3.97789E-06 ];

MAT_fuel_ADENS = [
0.00000E+00 3.54702E-31 2.59684E-29 1.46236E-27 5.84134E-27 1.38708E-26 3.43518E-26 5.79226E-26 1.03778E-25 1.13400E-25 1.14463E-25 % hydrogen
0.00000E+00 2.68146E-19 2.94746E-18 1.63659E-17 2.97711E-17 4.31453E-17 5.64674E-17 6.97792E-17 8.31274E-17 8.57935E-17 8.60594E-17 % lost data
4.74981E-02 4.74981E-02 4.74981E-02 4.74981E-02 4.74981E-02 4.74981E-02 4.74981E-02 4.74981E-02 4.74981E-02 4.74981E-02 4.74981E-02 % total
];

MAT_fuel_MDENS = [
0.00000E+00 6.73491E-31 4.75548E-29 2.72343E-27 1.04889E-26 2.44352E-26 6.06406E-26 1.01905E-25 1.83581E-25 2.00577E-25 2.02536E-25 % hydrogen
0.00000E+00 0.00000E+00 0.00000E+00 0.00000E+00 0.00000E+00 0.00000E+00 0.00000E+00 0.00000E+00 0.00000E+00 0.00000E+00 0.00000E+00 % lost data
1.87400E+01 1.87400E+01 1.87400E+01 1.87400E+01 1.87400E+01 1.87400E+01 1.87400E+01 1.87400E+01 1.87400E+01 1.87400E+01 1.87400E+01 % total
];

MAT_fuel_A = [
0.00000E+00 5.97543E-17 1.78901E-15 2.40495E-13 4.54826E-13 5.75965E-13 1.91094E-12 2.93883E-12 6.92380E-12 7.62616E-12 7.82982E-12 % hydrogen
0.00000E+00 0.00000E+00 0.00000E+00 0.00000E+00 0.00000E+00 0.00000E+00 0.00000E+00 0.00000E+00 0.00000E+00 0.00000E+00 0.00000E+00 % lost data
2.11398E+06 1.55675E+12 1.22440E+13 3.42049E+13 4.38262E+13 4.97657E+13 5.40037E+13 5.72985E+13 6.00062E+13 6.04926E+13 6.05393E+13 % total
];

MAT_fuel_H = [
0.00000E+00 5.44744E-32 1.63093E-30 2.19244E-28 4.14637E-28 5.25071E-28 1.74209E-27 2.67915E-27 6.31200E-27 6.95230E-27 7.13796E-27 % hydrogen
0.00000E+00 0.00000E+00 0.00000E+00 0.00000E+00 0.00000E+00 0.00000E+00 0.00000E+00 0.00000E+00 0.00000E+00 0.00000E+00 0.00000E+00 % lost data
1.50875E-06 1.11782E+00 8.23582E+00 2.09074E+01 2.58706E+01 2.87536E+01 3.07314E+01 3.22361E+01 3.34605E+01 3.36792E+01 3.36998E+01 % total
];

MAT_fuel_SF = [
0.00000E+00 0.00000E+00 0.00000E+00 0.00000E+00 0.00000E+00 0.00000E+00 0.00000E+00 0.00000E+00 0.00000E+00 0.00000E+00 0.00000E+00 % hydrogen
0.00000E+00 0.00000E+00 0.00000E+00 0.00000E+00 0.00000E+00 0.00000E+00 0.00000E+00 0.00000E+00 0.00000E+00 0.00000E+00 0.00000E+00 % lost data
5.40799E+01 5.40799E+01 5.40799E+01 5.40799E+01 5.40799E+01 5.40799E+01 5.40799E+01 5.40799E+01 5.40799E+01 5.40799E+01 5.40799E+01 % total
];

MAT_fuel_GSRC = [
0.00000E+00 0.00000E+00 0.00000E+00 0.00000E+00 0.00000E+00 0.00000E+00 0.00000E+00 0.00000E+00 0.00000E+00 0.00000E+00 0.00000E+00 % hydrogen
0.00000E+00 0.00000E+00 0.00000E+00 0.00000E+00 0.00000E+00 0.00000E+00 0.00000E+00 0.00000E+00 0.00000E+00 0.00000E+00 0.00000E+00 % lost data
1.43723E+06 1.00490E+12 8.58267E+12 2.52847E+13 3.26363E+13 3.70716E+13 4.00817E+13 4.22949E+13 4.40244E+13 4.43267E+13 4.43559E+13 % total
];

MAT_fuel_ING_TOX = [
0.00000E+00 2.50968E-27 7.51386E-26 1.01008E-23 1.91027E-23 2.41905E-23 8.02597E-23 1.23431E-22 2.90800E-22 3.20299E-22 3.28852E-22 % hydrogen
0.00000E+00 0.00000E+00 0.00000E+00 0.00000E+00 0.00000E+00 0.00000E+00 0.00000E+00 0.00000E+00 0.00000E+00 0.00000E+00 0.00000E+00 % lost data
9.73760E-02 1.30869E-01 4.83621E-01 2.65309E+00 5.31148E+00 8.30815E+00 1.15592E+01 1.50086E+01 1.86171E+01 1.93558E+01 1.94300E+01 % total
];

MAT_fuel_INH_TOX = [
0.00000E+00 1.55361E-26 4.65144E-25 6.25287E-23 1.18255E-22 1.49751E-22 4.96846E-22 7.64095E-22 1.80019E-21 1.98280E-21 2.03575E-21 % hydrogen
0.00000E+00 0.00000E+00 0.00000E+00 0.00000E+00 0.00000E+00 0.00000E+00 0.00000E+00 0.00000E+00 0.00000E+00 0.00000E+00 0.00000E+00 % lost data
1.74736E+01 1.74921E+01 1.76874E+01 1.88723E+01 2.02996E+01 2.18892E+01 2.35984E+01 2.53985E+01 2.72692E+01 2.76509E+01 2.76892E+01 % total
];

MAT_empty_VOLUME = [ 5.00000E+00 5.00000E+00 5.00000E+00 5.00000E+00 5.00000E+00 5.00000E+00 5.00000E+00 5.00000E+00 5.00000E+00 5.00000E+00 5.00000E+00 ];

MAT_empty_BURNUP = [ 0.00000E+00 0.00000E+00 0.00000E+00 0.00000E+00 0.00000E+00 0.00000E+00 0.00000E+00 0.00000E+00 0.00000E+00 0.00000E+00 0.00000E+00 ];

MAT_empty_ADENS = [
0.00000E+00 5.47497E-05 6.00605E-04 3.24800E-03 5.49829E-03 7.41103E-03 9.03686E-03 1.04188E-02 1.15935E-02 1.17932E-02 1.18125E-02 % hydrogen
0.00000E+00 0.00000E+00 0.00000E+00 0.00000E+00 0.00000E+00 0.00000E+00 0.00000E+00 0.00000E+00 0.00000E+00 0.00000E+00 0.00000E+00 % lost data
1.50453E-01 1.50617E-01 1.52255E-01 1.60197E-01 1.66948E-01 1.72686E-01 1.77564E-01 1.81710E-01 1.85234E-01 1.85833E-01 1.85891E-01 % total
];

MAT_empty_MDENS = [
0.00000E+00 9.16270E-05 1.00515E-03 5.43572E-03 9.20171E-03 1.24028E-02 1.51237E-02 1.74365E-02 1.94024E-02 1.97366E-02 1.97690E-02 % hydrogen
0.00000E+00 0.00000E+00 0.00000E+00 0.00000E+00 0.00000E+00 0.00000E+00 0.00000E+00 0.00000E+00 0.00000E+00 0.00000E+00 0.00000E+00 % lost data
1.00000E+00 1.00300E+00 1.03291E+00 1.17797E+00 1.30128E+00 1.40609E+00 1.49517E+00 1.57090E+00 1.63526E+00 1.64620E+00 1.64727E+00 % total
];

MAT_empty_A = [
0.00000E+00 5.21213E-21 1.82031E-08 1.03252E-07 2.74706E-06 4.09595E-06 4.23054E-06 4.27415E-06 4.31122E-06 4.55611E-06 4.56417E-06 % hydrogen
0.00000E+00 0.00000E+00 0.00000E+00 0.00000E+00 0.00000E+00 0.00000E+00 0.00000E+00 0.00000E+00 0.00000E+00 0.00000E+00 0.00000E+00 % lost data
0.00000E+00 6.27348E+03 1.25568E+06 1.73193E+07 6.12849E+07 1.28197E+08 1.63834E+08 2.29355E+08 2.93404E+08 2.98144E+08 2.98821E+08 % total
];

MAT_empty_H = [
0.00000E+00 4.75158E-36 1.65946E-23 9.41288E-23 2.50432E-21 3.73402E-21 3.85672E-21 3.89648E-21 3.93027E-21 4.15353E-21 4.16087E-21 % hydrogen
0.00000E+00 0.00000E+00 0.00000E+00 0.00000E+00 0.00000E+00 0.00000E+00 0.00000E+00 0.00000E+00 0.00000E+00 0.00000E+00 0.00000E+00 % lost data
0.00000E+00 7.28721E-09 1.45858E-06 2.01179E-05 7.11879E-05 1.48912E-04 1.90308E-04 2.66416E-04 3.40815E-04 3.46321E-04 3.47108E-04 % total
];

MAT_empty_SF = [
0.00000E+00 0.00000E+00 0.00000E+00 0.00000E+00 0.00000E+00 0.00000E+00 0.00000E+00 0.00000E+00 0.00000E+00 0.00000E+00 0.00000E+00 % hydrogen
0.00000E+00 0.00000E+00 0.00000E+00 0.00000E+00 0.00000E+00 0.00000E+00 0.00000E+00 0.00000E+00 0.00000E+00 0.00000E+00 0.00000E+00 % lost data
0.00000E+00 0.00000E+00 0.00000E+00 0.00000E+00 0.00000E+00 0.00000E+00 0.00000E+00 0.00000E+00 0.00000E+00 0.00000E+00 0.00000E+00 % total
];

MAT_empty_GSRC = [
0.00000E+00 0.00000E+00 0.00000E+00 0.00000E+00 0.00000E+00 0.00000E+00 0.00000E+00 0.00000E+00 0.00000E+00 0.00000E+00 0.00000E+00 % hydrogen
0.00000E+00 0.00000E+00 0.00000E+00 0.00000E+00 0.00000E+00 0.00000E+00 0.00000E+00 0.00000E+00 0.00000E+00 0.00000E+00 0.00000E+00 % lost data
0.00000E+00 4.58758E+03 9.18234E+05 1.26650E+07 4.48156E+07 9.37459E+07 1.19806E+08 1.67719E+08 2.14556E+08 2.18022E+08 2.18518E+08 % total
];

MAT_empty_ING_TOX = [
0.00000E+00 2.18910E-31 7.64529E-19 4.33660E-18 1.15376E-16 1.72030E-16 1.77683E-16 1.79514E-16 1.81071E-16 1.91357E-16 1.91695E-16 % hydrogen
0.00000E+00 0.00000E+00 0.00000E+00 0.00000E+00 0.00000E+00 0.00000E+00 0.00000E+00 0.00000E+00 0.00000E+00 0.00000E+00 0.00000E+00 % lost data
0.00000E+00 3.52501E-31 7.64529E-19 4.33660E-18 1.15376E-16 1.72030E-16 1.77683E-16 1.79514E-16 1.81071E-16 1.91357E-16 1.91695E-16 % total
];

MAT_empty_INH_TOX = [
0.00000E+00 1.35515E-30 4.73280E-18 2.68456E-17 7.14235E-16 1.06495E-15 1.09994E-15 1.11128E-15 1.12092E-15 1.18459E-15 1.18668E-15 % hydrogen
0.00000E+00 0.00000E+00 0.00000E+00 0.00000E+00 0.00000E+00 0.00000E+00 0.00000E+00 0.00000E+00 0.00000E+00 0.00000E+00 0.00000E+00 % lost data
0.00000E+00 2.69107E-30 4.73280E-18 2.68456E-17 7.14235E-16 1.06495E-15 1.09994E-15 1.11128E-15 1.12092E-15 1.18459E-15 1.18668E-15 % total
];

