
ZAI = [
1
8
666
0
];

NAMES = [
'hydrogen        '
'oxygen          '
'lost            '
'total           '
];

i1      = 1; ihydrogen         = 1;
i8      = 2; ioxygen           = 2;
iLOST    = 3;
iTOT     = 4;

MAT_empty_VOLUME = [ 1.00000E+00 1.00000E+00 1.00000E+00 1.00000E+00 1.00000E+00 1.00000E+00 1.00000E+00 1.00000E+00 1.00000E+00 1.00000E+00 1.00000E+00 ];

MAT_empty_BURNUP = [ 0.00000E+00 0.00000E+00 0.00000E+00 0.00000E+00 0.00000E+00 0.00000E+00 0.00000E+00 0.00000E+00 0.00000E+00 0.00000E+00 0.00000E+00 ];

MAT_empty_ADENS = [
0.00000E+00 1.82499E-04 1.98924E-03 1.01196E-02 1.41847E-02 1.62173E-02 1.72336E-02 1.77418E-02 1.79958E-02 1.80212E-02 1.80235E-02 % hydrogen
0.00000E+00 3.64998E-04 3.97848E-03 2.02392E-02 2.83695E-02 3.24347E-02 3.44672E-02 3.54835E-02 3.59917E-02 3.60425E-02 3.60471E-02 % oxygen
0.00000E+00 0.00000E+00 0.00000E+00 0.00000E+00 0.00000E+00 0.00000E+00 0.00000E+00 0.00000E+00 0.00000E+00 0.00000E+00 0.00000E+00 % lost data
0.00000E+00 5.47497E-04 5.96772E-03 3.03587E-02 4.25542E-02 4.86520E-02 5.17009E-02 5.32253E-02 5.39875E-02 5.40637E-02 5.40706E-02 % total
];

MAT_empty_MDENS = [
0.00000E+00 3.05423E-04 3.32911E-03 1.69357E-02 2.37390E-02 2.71407E-02 2.88415E-02 2.96919E-02 3.01171E-02 3.01596E-02 3.01635E-02 % hydrogen
0.00000E+00 9.69458E-03 1.05671E-01 5.37564E-01 7.53511E-01 8.61484E-01 9.15471E-01 9.42464E-01 9.55961E-01 9.57311E-01 9.57432E-01 % oxygen
0.00000E+00 0.00000E+00 0.00000E+00 0.00000E+00 0.00000E+00 0.00000E+00 0.00000E+00 0.00000E+00 0.00000E+00 0.00000E+00 0.00000E+00 % lost data
0.00000E+00 1.00000E-02 1.09000E-01 5.54500E-01 7.77250E-01 8.88625E-01 9.44313E-01 9.72156E-01 9.86078E-01 9.87470E-01 9.87596E-01 % total
];

MAT_empty_A = [
0.00000E+00 4.27890E-21 5.71097E-18 1.17208E-07 1.17208E-07 1.17208E-07 1.17208E-07 1.17208E-07 1.17208E-07 1.17208E-07 1.17208E-07 % hydrogen
0.00000E+00 0.00000E+00 0.00000E+00 0.00000E+00 0.00000E+00 0.00000E+00 0.00000E+00 0.00000E+00 0.00000E+00 0.00000E+00 0.00000E+00 % oxygen
0.00000E+00 0.00000E+00 0.00000E+00 0.00000E+00 0.00000E+00 0.00000E+00 0.00000E+00 0.00000E+00 0.00000E+00 0.00000E+00 0.00000E+00 % lost data
0.00000E+00 1.52068E+04 1.75032E+06 2.14320E+07 5.81153E+07 1.17774E+08 1.26712E+08 8.17870E+07 1.10782E+08 1.08960E+08 1.08859E+08 % total
];

MAT_empty_H = [
0.00000E+00 3.90081E-36 5.20634E-33 1.06851E-22 1.06851E-22 1.06851E-22 1.06851E-22 1.06851E-22 1.06851E-22 1.06851E-22 1.06851E-22 % hydrogen
0.00000E+00 0.00000E+00 0.00000E+00 0.00000E+00 0.00000E+00 0.00000E+00 0.00000E+00 0.00000E+00 0.00000E+00 0.00000E+00 0.00000E+00 % oxygen
0.00000E+00 0.00000E+00 0.00000E+00 0.00000E+00 0.00000E+00 0.00000E+00 0.00000E+00 0.00000E+00 0.00000E+00 0.00000E+00 0.00000E+00 % lost data
0.00000E+00 1.76641E-08 2.03315E-06 2.48952E-05 6.75062E-05 1.36805E-04 1.47187E-04 9.50030E-05 1.28684E-04 1.26567E-04 1.26449E-04 % total
];

MAT_empty_SF = [
0.00000E+00 0.00000E+00 0.00000E+00 0.00000E+00 0.00000E+00 0.00000E+00 0.00000E+00 0.00000E+00 0.00000E+00 0.00000E+00 0.00000E+00 % hydrogen
0.00000E+00 0.00000E+00 0.00000E+00 0.00000E+00 0.00000E+00 0.00000E+00 0.00000E+00 0.00000E+00 0.00000E+00 0.00000E+00 0.00000E+00 % oxygen
0.00000E+00 0.00000E+00 0.00000E+00 0.00000E+00 0.00000E+00 0.00000E+00 0.00000E+00 0.00000E+00 0.00000E+00 0.00000E+00 0.00000E+00 % lost data
0.00000E+00 0.00000E+00 0.00000E+00 0.00000E+00 0.00000E+00 0.00000E+00 0.00000E+00 0.00000E+00 0.00000E+00 0.00000E+00 0.00000E+00 % total
];

MAT_empty_GSRC = [
0.00000E+00 0.00000E+00 0.00000E+00 0.00000E+00 0.00000E+00 0.00000E+00 0.00000E+00 0.00000E+00 0.00000E+00 0.00000E+00 0.00000E+00 % hydrogen
0.00000E+00 0.00000E+00 0.00000E+00 0.00000E+00 0.00000E+00 0.00000E+00 0.00000E+00 0.00000E+00 0.00000E+00 0.00000E+00 0.00000E+00 % oxygen
0.00000E+00 0.00000E+00 0.00000E+00 0.00000E+00 0.00000E+00 0.00000E+00 0.00000E+00 0.00000E+00 0.00000E+00 0.00000E+00 0.00000E+00 % lost data
0.00000E+00 1.11202E+04 1.27995E+06 1.56725E+07 4.24977E+07 8.61242E+07 9.26599E+07 5.98081E+07 8.10114E+07 7.96786E+07 7.96046E+07 % total
];

MAT_empty_ING_TOX = [
0.00000E+00 1.79714E-31 2.39861E-28 4.92273E-18 4.92273E-18 4.92273E-18 4.92273E-18 4.92273E-18 4.92273E-18 4.92273E-18 4.92273E-18 % hydrogen
0.00000E+00 0.00000E+00 0.00000E+00 0.00000E+00 0.00000E+00 0.00000E+00 0.00000E+00 0.00000E+00 0.00000E+00 0.00000E+00 0.00000E+00 % oxygen
0.00000E+00 0.00000E+00 0.00000E+00 0.00000E+00 0.00000E+00 0.00000E+00 0.00000E+00 0.00000E+00 0.00000E+00 0.00000E+00 0.00000E+00 % lost data
0.00000E+00 2.76951E-31 3.92285E-28 4.92273E-18 4.92273E-18 4.92273E-18 4.92273E-18 4.92273E-18 4.92273E-18 4.92273E-18 4.92273E-18 % total
];

MAT_empty_INH_TOX = [
0.00000E+00 1.11251E-30 1.48485E-27 3.04740E-17 3.04740E-17 3.04740E-17 3.04740E-17 3.04740E-17 3.04740E-17 3.04740E-17 3.04740E-17 % hydrogen
0.00000E+00 0.00000E+00 0.00000E+00 0.00000E+00 0.00000E+00 0.00000E+00 0.00000E+00 0.00000E+00 0.00000E+00 0.00000E+00 0.00000E+00 % oxygen
0.00000E+00 0.00000E+00 0.00000E+00 0.00000E+00 0.00000E+00 0.00000E+00 0.00000E+00 0.00000E+00 0.00000E+00 0.00000E+00 0.00000E+00 % lost data
0.00000E+00 2.08488E-30 3.00910E-27 3.04740E-17 3.04740E-17 3.04740E-17 3.04740E-17 3.04741E-17 3.04741E-17 3.04741E-17 3.04741E-17 % total
];

MAT_water_VOLUME = [ 1.00000E+00 1.00000E+00 1.00000E+00 1.00000E+00 1.00000E+00 1.00000E+00 1.00000E+00 1.00000E+00 1.00000E+00 1.00000E+00 1.00000E+00 ];

MAT_water_BURNUP = [ 0.00000E+00 0.00000E+00 0.00000E+00 0.00000E+00 0.00000E+00 0.00000E+00 0.00000E+00 0.00000E+00 0.00000E+00 0.00000E+00 0.00000E+00 ];

MAT_water_ADENS = [
1.82499E-02 1.80674E-02 1.62607E-02 8.13034E-03 4.06517E-03 2.03258E-03 1.01629E-03 5.08146E-04 2.54073E-04 2.28666E-04 2.26379E-04 % hydrogen
3.64998E-02 3.61348E-02 3.25213E-02 1.62607E-02 8.13034E-03 4.06517E-03 2.03258E-03 1.01629E-03 5.08146E-04 4.57331E-04 4.52758E-04 % oxygen
0.00000E+00 0.00000E+00 0.00000E+00 0.00000E+00 0.00000E+00 0.00000E+00 0.00000E+00 0.00000E+00 0.00000E+00 0.00000E+00 0.00000E+00 % lost data
5.47497E-02 5.42022E-02 4.87820E-02 2.43910E-02 1.21955E-02 6.09775E-03 3.04888E-03 1.52444E-03 7.62219E-04 6.85997E-04 6.79137E-04 % total
];

MAT_water_MDENS = [
3.05423E-02 3.02369E-02 2.72132E-02 1.36066E-02 6.80330E-03 3.40165E-03 1.70083E-03 8.50413E-04 4.25206E-04 3.82686E-04 3.78859E-04 % hydrogen
9.69458E-01 9.59763E-01 8.63787E-01 4.31893E-01 2.15947E-01 1.07973E-01 5.39867E-02 2.69933E-02 1.34967E-02 1.21470E-02 1.20255E-02 % oxygen
0.00000E+00 0.00000E+00 0.00000E+00 0.00000E+00 0.00000E+00 0.00000E+00 0.00000E+00 0.00000E+00 0.00000E+00 0.00000E+00 0.00000E+00 % lost data
1.00000E+00 9.90000E-01 8.91000E-01 4.45500E-01 2.22750E-01 1.11375E-01 5.56875E-02 2.78438E-02 1.39219E-02 1.25297E-02 1.24044E-02 % total
];

MAT_water_A = [
0.00000E+00 7.87476E-19 1.67861E-16 3.11058E-15 5.04726E-15 5.28297E-15 4.81500E-15 3.55194E-15 2.51062E-15 2.36852E-15 2.35573E-15 % hydrogen
0.00000E+00 0.00000E+00 0.00000E+00 0.00000E+00 0.00000E+00 0.00000E+00 0.00000E+00 0.00000E+00 0.00000E+00 0.00000E+00 0.00000E+00 % oxygen
0.00000E+00 0.00000E+00 0.00000E+00 0.00000E+00 0.00000E+00 0.00000E+00 0.00000E+00 0.00000E+00 0.00000E+00 0.00000E+00 0.00000E+00 % lost data
0.00000E+00 7.51946E+05 1.08638E+07 2.12655E+07 7.68969E+06 2.66525E+06 6.93915E+06 1.51996E+06 1.43424E+06 1.33173E+06 1.33114E+06 % total
];

MAT_water_H = [
0.00000E+00 7.17893E-34 1.53028E-31 2.83572E-30 4.60127E-30 4.81615E-30 4.38954E-30 3.23808E-30 2.28878E-30 2.15923E-30 2.14757E-30 % hydrogen
0.00000E+00 0.00000E+00 0.00000E+00 0.00000E+00 0.00000E+00 0.00000E+00 0.00000E+00 0.00000E+00 0.00000E+00 0.00000E+00 0.00000E+00 % oxygen
0.00000E+00 0.00000E+00 0.00000E+00 0.00000E+00 0.00000E+00 0.00000E+00 0.00000E+00 0.00000E+00 0.00000E+00 0.00000E+00 0.00000E+00 % lost data
0.00000E+00 8.73453E-07 1.26193E-05 2.47019E-05 8.93227E-06 3.09593E-06 8.06045E-06 1.76557E-06 1.66599E-06 1.54692E-06 1.54624E-06 % total
];

