
ZAI = [
1
666
0
];

NAMES = [
'hydrogen        '
'lost            '
'total           '
];

i1      = 1; ihydrogen         = 1;
iLOST    = 2;
iTOT     = 3;

MAT_fuel_VOLUME = [ 5.00000E+00 5.00000E+00 5.00000E+00 5.00000E+00 5.00000E+00 5.00000E+00 5.00000E+00 5.00000E+00 5.00000E+00 5.00000E+00 5.00000E+00 ];

MAT_fuel_BURNUP = [ 0.00000E+00 1.23533E-08 1.35889E-07 7.53589E-07 1.37128E-06 1.98900E-06 2.60668E-06 3.22440E-06 3.84212E-06 3.96567E-06 3.97802E-06 ];

MAT_fuel_ADENS = [
0.00000E+00 3.54702E-31 2.63954E-29 1.57127E-27 8.25103E-27 1.87935E-26 3.59033E-26 7.19198E-26 1.11022E-25 1.23232E-25 1.24611E-25 % hydrogen
0.00000E+00 2.68146E-19 2.94647E-18 1.63567E-17 2.97097E-17 4.30677E-17 5.63905E-17 6.97300E-17 8.30532E-17 8.57187E-17 8.59846E-17 % lost data
4.74981E-02 4.74981E-02 4.74981E-02 4.74981E-02 4.74981E-02 4.74981E-02 4.74981E-02 4.74981E-02 4.74981E-02 4.74981E-02 4.74981E-02 % total
];

MAT_fuel_MDENS = [
0.00000E+00 6.73491E-31 4.82888E-29 2.94979E-27 1.59899E-26 3.46689E-26 6.46968E-26 1.29034E-25 1.98200E-25 2.21057E-25 2.23654E-25 % hydrogen
0.00000E+00 0.00000E+00 0.00000E+00 0.00000E+00 0.00000E+00 0.00000E+00 0.00000E+00 0.00000E+00 0.00000E+00 0.00000E+00 0.00000E+00 % lost data
1.87400E+01 1.87400E+01 1.87400E+01 1.87400E+01 1.87400E+01 1.87400E+01 1.87400E+01 1.87400E+01 1.87400E+01 1.87400E+01 1.87400E+01 % total
];

MAT_fuel_A = [
0.00000E+00 5.97543E-17 1.78318E-15 2.97764E-13 2.61418E-12 3.33486E-12 4.08765E-12 7.46107E-12 1.02067E-11 1.30961E-11 1.34478E-11 % hydrogen
0.00000E+00 0.00000E+00 0.00000E+00 0.00000E+00 0.00000E+00 0.00000E+00 0.00000E+00 0.00000E+00 0.00000E+00 0.00000E+00 0.00000E+00 % lost data
2.11398E+06 1.55675E+12 1.22424E+13 3.41952E+13 4.37911E+13 4.97458E+13 5.40037E+13 5.73164E+13 6.00144E+13 6.04941E+13 6.05405E+13 % total
];

MAT_fuel_H = [
0.00000E+00 5.44744E-32 1.62562E-30 2.71453E-28 2.38319E-27 3.04019E-27 3.72646E-27 6.80180E-27 9.30478E-27 1.19389E-26 1.22595E-26 % hydrogen
0.00000E+00 0.00000E+00 0.00000E+00 0.00000E+00 0.00000E+00 0.00000E+00 0.00000E+00 0.00000E+00 0.00000E+00 0.00000E+00 0.00000E+00 % lost data
1.50875E-06 1.11782E+00 8.23463E+00 2.09005E+01 2.58463E+01 2.87406E+01 3.07323E+01 3.22490E+01 3.34656E+01 3.36793E+01 3.36997E+01 % total
];

MAT_fuel_SF = [
0.00000E+00 0.00000E+00 0.00000E+00 0.00000E+00 0.00000E+00 0.00000E+00 0.00000E+00 0.00000E+00 0.00000E+00 0.00000E+00 0.00000E+00 % hydrogen
0.00000E+00 0.00000E+00 0.00000E+00 0.00000E+00 0.00000E+00 0.00000E+00 0.00000E+00 0.00000E+00 0.00000E+00 0.00000E+00 0.00000E+00 % lost data
5.40799E+01 5.40799E+01 5.40799E+01 5.40799E+01 5.40799E+01 5.40799E+01 5.40799E+01 5.40799E+01 5.40799E+01 5.40799E+01 5.40799E+01 % total
];

MAT_fuel_GSRC = [
0.00000E+00 0.00000E+00 0.00000E+00 0.00000E+00 0.00000E+00 0.00000E+00 0.00000E+00 0.00000E+00 0.00000E+00 0.00000E+00 0.00000E+00 % hydrogen
0.00000E+00 0.00000E+00 0.00000E+00 0.00000E+00 0.00000E+00 0.00000E+00 0.00000E+00 0.00000E+00 0.00000E+00 0.00000E+00 0.00000E+00 % lost data
1.43723E+06 1.00490E+12 8.58176E+12 2.52794E+13 3.26151E+13 3.70587E+13 4.00806E+13 4.23050E+13 4.40306E+13 4.43292E+13 4.43581E+13 % total
];

MAT_fuel_ING_TOX = [
0.00000E+00 2.50968E-27 7.48936E-26 1.25061E-23 1.09796E-22 1.40064E-22 1.71681E-22 3.13365E-22 4.28679E-22 5.50035E-22 5.64808E-22 % hydrogen
0.00000E+00 0.00000E+00 0.00000E+00 0.00000E+00 0.00000E+00 0.00000E+00 0.00000E+00 0.00000E+00 0.00000E+00 0.00000E+00 0.00000E+00 % lost data
9.73760E-02 1.30869E-01 4.83691E-01 2.65449E+00 5.31677E+00 8.31518E+00 1.15648E+01 1.50107E+01 1.86191E+01 1.93583E+01 1.94326E+01 % total
];

MAT_fuel_INH_TOX = [
0.00000E+00 1.55361E-26 4.63627E-25 7.74187E-23 6.79687E-22 8.67063E-22 1.06279E-21 1.93988E-21 2.65373E-21 3.40498E-21 3.49643E-21 % hydrogen
0.00000E+00 0.00000E+00 0.00000E+00 0.00000E+00 0.00000E+00 0.00000E+00 0.00000E+00 0.00000E+00 0.00000E+00 0.00000E+00 0.00000E+00 % lost data
1.74736E+01 1.74921E+01 1.76874E+01 1.88732E+01 2.03031E+01 2.18940E+01 2.36019E+01 2.53993E+01 2.72697E+01 2.76518E+01 2.76902E+01 % total
];

MAT_empty_VOLUME = [ 5.00000E+00 5.00000E+00 5.00000E+00 5.00000E+00 5.00000E+00 5.00000E+00 5.00000E+00 5.00000E+00 5.00000E+00 5.00000E+00 5.00000E+00 ];

MAT_empty_BURNUP = [ 0.00000E+00 0.00000E+00 0.00000E+00 0.00000E+00 0.00000E+00 0.00000E+00 0.00000E+00 0.00000E+00 0.00000E+00 0.00000E+00 0.00000E+00 ];

MAT_empty_ADENS = [
0.00000E+00 5.46677E-05 5.92418E-04 3.05197E-03 5.16892E-03 6.99100E-03 8.55927E-03 9.90910E-03 1.10709E-02 1.12831E-02 1.13040E-02 % hydrogen
0.00000E+00 0.00000E+00 0.00000E+00 0.00000E+00 0.00000E+00 0.00000E+00 0.00000E+00 0.00000E+00 0.00000E+00 0.00000E+00 0.00000E+00 % lost data
1.50453E-01 1.50617E-01 1.52230E-01 1.59609E-01 1.65960E-01 1.71426E-01 1.76131E-01 1.80180E-01 1.83666E-01 1.84302E-01 1.84365E-01 % total
];

MAT_empty_MDENS = [
0.00000E+00 9.14897E-05 9.91448E-04 5.10765E-03 8.65050E-03 1.16999E-02 1.43245E-02 1.65835E-02 1.85278E-02 1.88829E-02 1.89178E-02 % hydrogen
0.00000E+00 0.00000E+00 0.00000E+00 0.00000E+00 0.00000E+00 0.00000E+00 0.00000E+00 0.00000E+00 0.00000E+00 0.00000E+00 0.00000E+00 % lost data
1.00000E+00 1.00300E+00 1.03246E+00 1.16723E+00 1.28323E+00 1.38307E+00 1.46900E+00 1.54297E+00 1.60663E+00 1.61825E+00 1.61940E+00 % total
];

MAT_empty_A = [
0.00000E+00 8.60830E-10 1.87739E-08 5.07238E-07 6.92646E-07 7.50058E-07 8.18708E-07 7.88306E-06 1.66521E-05 1.66639E-05 1.66653E-05 % hydrogen
0.00000E+00 0.00000E+00 0.00000E+00 0.00000E+00 0.00000E+00 0.00000E+00 0.00000E+00 0.00000E+00 0.00000E+00 0.00000E+00 0.00000E+00 % lost data
0.00000E+00 1.34726E+04 1.49034E+06 2.65332E+07 6.94519E+07 1.03503E+08 1.64382E+08 2.06074E+08 2.24692E+08 2.32523E+08 2.32746E+08 % total
];

MAT_empty_H = [
0.00000E+00 7.84766E-25 1.71150E-23 4.62417E-22 6.31443E-22 6.83782E-22 7.46366E-22 7.18650E-21 1.51807E-20 1.51915E-20 1.51927E-20 % hydrogen
0.00000E+00 0.00000E+00 0.00000E+00 0.00000E+00 0.00000E+00 0.00000E+00 0.00000E+00 0.00000E+00 0.00000E+00 0.00000E+00 0.00000E+00 % lost data
0.00000E+00 1.56496E-08 1.73116E-06 3.08207E-05 8.06747E-05 1.20228E-04 1.90944E-04 2.39374E-04 2.60999E-04 2.70096E-04 2.70355E-04 % total
];

MAT_empty_SF = [
0.00000E+00 0.00000E+00 0.00000E+00 0.00000E+00 0.00000E+00 0.00000E+00 0.00000E+00 0.00000E+00 0.00000E+00 0.00000E+00 0.00000E+00 % hydrogen
0.00000E+00 0.00000E+00 0.00000E+00 0.00000E+00 0.00000E+00 0.00000E+00 0.00000E+00 0.00000E+00 0.00000E+00 0.00000E+00 0.00000E+00 % lost data
0.00000E+00 0.00000E+00 0.00000E+00 0.00000E+00 0.00000E+00 0.00000E+00 0.00000E+00 0.00000E+00 0.00000E+00 0.00000E+00 0.00000E+00 % total
];

MAT_empty_GSRC = [
0.00000E+00 0.00000E+00 0.00000E+00 0.00000E+00 0.00000E+00 0.00000E+00 0.00000E+00 0.00000E+00 0.00000E+00 0.00000E+00 0.00000E+00 % hydrogen
0.00000E+00 0.00000E+00 0.00000E+00 0.00000E+00 0.00000E+00 0.00000E+00 0.00000E+00 0.00000E+00 0.00000E+00 0.00000E+00 0.00000E+00 % lost data
0.00000E+00 9.85209E+03 1.08983E+06 1.94028E+07 5.07878E+07 7.56881E+07 1.20207E+08 1.50696E+08 1.64310E+08 1.70037E+08 1.70200E+08 % total
];

MAT_empty_ING_TOX = [
0.00000E+00 3.61549E-20 7.88502E-19 2.13040E-17 2.90912E-17 3.15024E-17 3.43858E-17 3.31089E-16 6.99387E-16 6.99886E-16 6.99941E-16 % hydrogen
0.00000E+00 0.00000E+00 0.00000E+00 0.00000E+00 0.00000E+00 0.00000E+00 0.00000E+00 0.00000E+00 0.00000E+00 0.00000E+00 0.00000E+00 % lost data
0.00000E+00 3.61549E-20 7.88502E-19 2.13040E-17 2.90912E-17 3.15024E-17 3.43858E-17 3.31089E-16 6.99387E-16 6.99886E-16 6.99941E-16 % total
];

MAT_empty_INH_TOX = [
0.00000E+00 2.23816E-19 4.88120E-18 1.31882E-16 1.80088E-16 1.95015E-16 2.12864E-16 2.04960E-15 4.32954E-15 4.33263E-15 4.33297E-15 % hydrogen
0.00000E+00 0.00000E+00 0.00000E+00 0.00000E+00 0.00000E+00 0.00000E+00 0.00000E+00 0.00000E+00 0.00000E+00 0.00000E+00 0.00000E+00 % lost data
0.00000E+00 2.23816E-19 4.88120E-18 1.31882E-16 1.80088E-16 1.95015E-16 2.12864E-16 2.04960E-15 4.32954E-15 4.33263E-15 4.33297E-15 % total
];

