
ZAI = [
1
8
666
0
];

NAMES = [
'hydrogen        '
'oxygen          '
'lost            '
'total           '
];

i1      = 1; ihydrogen         = 1;
i8      = 2; ioxygen           = 2;
iLOST    = 3;
iTOT     = 4;

MAT_empty_VOLUME = [ 1.00000E+00 1.00000E+00 1.00000E+00 1.00000E+00 1.00000E+00 1.00000E+00 1.00000E+00 1.00000E+00 1.00000E+00 1.00000E+00 1.00000E+00 ];

MAT_empty_BURNUP = [ 0.00000E+00 0.00000E+00 0.00000E+00 0.00000E+00 0.00000E+00 0.00000E+00 0.00000E+00 0.00000E+00 0.00000E+00 0.00000E+00 0.00000E+00 ];

MAT_empty_ADENS = [
0.00000E+00 7.18078E-03 1.15361E-02 1.41778E-02 1.57801E-02 1.67519E-02 1.73413E-02 1.76988E-02 1.79157E-02 1.80472E-02 1.81269E-02 % hydrogen
0.00000E+00 1.43616E-02 2.30723E-02 2.83556E-02 3.15601E-02 3.35037E-02 3.46826E-02 3.53976E-02 3.58313E-02 3.60944E-02 3.62539E-02 % oxygen
0.00000E+00 0.00000E+00 0.00000E+00 0.00000E+00 0.00000E+00 0.00000E+00 0.00000E+00 0.00000E+00 0.00000E+00 0.00000E+00 0.00000E+00 % lost data
0.00000E+00 2.15423E-02 3.46084E-02 4.25334E-02 4.73402E-02 5.02556E-02 5.20239E-02 5.30964E-02 5.37470E-02 5.41415E-02 5.43808E-02 % total
];

MAT_empty_MDENS = [
0.00000E+00 1.20175E-02 1.93064E-02 2.37274E-02 2.64089E-02 2.80353E-02 2.90217E-02 2.96200E-02 2.99829E-02 3.02030E-02 3.03365E-02 % hydrogen
0.00000E+00 3.81452E-01 6.12814E-01 7.53142E-01 8.38256E-01 8.89880E-01 9.21191E-01 9.40183E-01 9.51701E-01 9.58688E-01 9.62926E-01 % oxygen
0.00000E+00 0.00000E+00 0.00000E+00 0.00000E+00 0.00000E+00 0.00000E+00 0.00000E+00 0.00000E+00 0.00000E+00 0.00000E+00 0.00000E+00 % lost data
0.00000E+00 3.93469E-01 6.32121E-01 7.76870E-01 8.64665E-01 9.17915E-01 9.50213E-01 9.69803E-01 9.81684E-01 9.88891E-01 9.93262E-01 % total
];

MAT_empty_A = [
0.00000E+00 1.01047E-15 7.04792E-15 8.69130E-09 2.01885E-08 7.14142E-05 7.14184E-05 7.14210E-05 7.14226E-05 1.11479E-04 1.11507E-04 % hydrogen
0.00000E+00 0.00000E+00 0.00000E+00 0.00000E+00 0.00000E+00 5.19495E+03 5.04973E+03 4.90857E+03 4.77136E+03 6.02327E+03 5.85495E+03 % oxygen
0.00000E+00 0.00000E+00 0.00000E+00 0.00000E+00 0.00000E+00 0.00000E+00 0.00000E+00 0.00000E+00 0.00000E+00 0.00000E+00 0.00000E+00 % lost data
0.00000E+00 3.25976E+07 5.85034E+07 7.56538E+07 7.09050E+07 8.31640E+07 6.51339E+07 8.20500E+07 1.21102E+08 1.24407E+08 1.17642E+08 % total
];

MAT_empty_H = [
0.00000E+00 9.21184E-31 6.42515E-30 7.92332E-24 1.84046E-23 6.51039E-20 6.51078E-20 6.51101E-20 6.51116E-20 1.01629E-19 1.01654E-19 % hydrogen
0.00000E+00 0.00000E+00 0.00000E+00 0.00000E+00 0.00000E+00 1.46117E-09 1.42032E-09 1.38062E-09 1.34202E-09 1.69415E-09 1.64680E-09 % oxygen
0.00000E+00 0.00000E+00 0.00000E+00 0.00000E+00 0.00000E+00 0.00000E+00 0.00000E+00 0.00000E+00 0.00000E+00 0.00000E+00 0.00000E+00 % lost data
0.00000E+00 3.78651E-05 6.79569E-05 8.78787E-05 8.23626E-05 9.65979E-05 7.56544E-05 9.53042E-05 1.40666E-04 1.44504E-04 1.36647E-04 % total
];

MAT_empty_SF = [
0.00000E+00 0.00000E+00 0.00000E+00 0.00000E+00 0.00000E+00 0.00000E+00 0.00000E+00 0.00000E+00 0.00000E+00 0.00000E+00 0.00000E+00 % hydrogen
0.00000E+00 0.00000E+00 0.00000E+00 0.00000E+00 0.00000E+00 0.00000E+00 0.00000E+00 0.00000E+00 0.00000E+00 0.00000E+00 0.00000E+00 % oxygen
0.00000E+00 0.00000E+00 0.00000E+00 0.00000E+00 0.00000E+00 0.00000E+00 0.00000E+00 0.00000E+00 0.00000E+00 0.00000E+00 0.00000E+00 % lost data
0.00000E+00 0.00000E+00 0.00000E+00 0.00000E+00 0.00000E+00 0.00000E+00 0.00000E+00 0.00000E+00 0.00000E+00 0.00000E+00 0.00000E+00 % total
];

MAT_empty_GSRC = [
0.00000E+00 0.00000E+00 0.00000E+00 0.00000E+00 0.00000E+00 0.00000E+00 0.00000E+00 0.00000E+00 0.00000E+00 0.00000E+00 0.00000E+00 % hydrogen
0.00000E+00 0.00000E+00 0.00000E+00 0.00000E+00 0.00000E+00 1.03796E+04 1.00894E+04 9.80737E+03 9.53322E+03 1.20346E+04 1.16982E+04 % oxygen
0.00000E+00 0.00000E+00 0.00000E+00 0.00000E+00 0.00000E+00 0.00000E+00 0.00000E+00 0.00000E+00 0.00000E+00 0.00000E+00 0.00000E+00 % lost data
0.00000E+00 2.38375E+07 4.27815E+07 5.53230E+07 5.18504E+07 6.08216E+07 4.76366E+07 6.00066E+07 8.85636E+07 9.09819E+07 8.60351E+07 % total
];

MAT_empty_ING_TOX = [
0.00000E+00 4.24398E-26 2.96012E-25 3.65035E-19 8.47917E-19 2.99940E-15 2.99957E-15 2.99968E-15 2.99975E-15 4.68212E-15 4.68329E-15 % hydrogen
0.00000E+00 0.00000E+00 0.00000E+00 0.00000E+00 0.00000E+00 0.00000E+00 0.00000E+00 0.00000E+00 0.00000E+00 0.00000E+00 0.00000E+00 % oxygen
0.00000E+00 0.00000E+00 0.00000E+00 0.00000E+00 0.00000E+00 0.00000E+00 0.00000E+00 0.00000E+00 0.00000E+00 0.00000E+00 0.00000E+00 % lost data
0.00000E+00 6.73856E-26 4.62831E-25 3.65035E-19 8.47918E-19 2.99940E-15 2.99957E-15 2.99968E-15 2.99975E-15 4.68212E-15 4.68329E-15 % total
];

MAT_empty_INH_TOX = [
0.00000E+00 2.62722E-25 1.83246E-24 2.25974E-18 5.24901E-18 1.85677E-14 1.85688E-14 1.85695E-14 1.85699E-14 2.89845E-14 2.89918E-14 % hydrogen
0.00000E+00 0.00000E+00 0.00000E+00 0.00000E+00 0.00000E+00 0.00000E+00 0.00000E+00 0.00000E+00 0.00000E+00 0.00000E+00 0.00000E+00 % oxygen
0.00000E+00 0.00000E+00 0.00000E+00 0.00000E+00 0.00000E+00 0.00000E+00 0.00000E+00 0.00000E+00 0.00000E+00 0.00000E+00 0.00000E+00 % lost data
0.00000E+00 5.12181E-25 3.50064E-24 2.25974E-18 5.24902E-18 1.85677E-14 1.85688E-14 1.85695E-14 1.85699E-14 2.89845E-14 2.89918E-14 % total
];

MAT_water_VOLUME = [ 1.00000E+00 1.00000E+00 1.00000E+00 1.00000E+00 1.00000E+00 1.00000E+00 1.00000E+00 1.00000E+00 1.00000E+00 1.00000E+00 1.00000E+00 ];

MAT_water_BURNUP = [ 0.00000E+00 0.00000E+00 0.00000E+00 0.00000E+00 0.00000E+00 0.00000E+00 0.00000E+00 0.00000E+00 0.00000E+00 0.00000E+00 0.00000E+00 ];

MAT_water_ADENS = [
1.82499E-02 1.10691E-02 6.71377E-03 4.07211E-03 2.46986E-03 1.49804E-03 9.08610E-04 5.51100E-04 3.34259E-04 2.02738E-04 1.22967E-04 % hydrogen
3.64998E-02 2.21383E-02 1.34275E-02 8.14421E-03 4.93971E-03 2.99609E-03 1.81722E-03 1.10220E-03 6.68518E-04 4.05476E-04 2.45934E-04 % oxygen
0.00000E+00 0.00000E+00 0.00000E+00 0.00000E+00 0.00000E+00 0.00000E+00 0.00000E+00 0.00000E+00 0.00000E+00 0.00000E+00 0.00000E+00 % lost data
5.47497E-02 3.32074E-02 2.01413E-02 1.22163E-02 7.40957E-03 4.49413E-03 2.72583E-03 1.65330E-03 1.00278E-03 6.08215E-04 3.68901E-04 % total
];

MAT_water_MDENS = [
3.05423E-02 1.85249E-02 1.12359E-02 6.81491E-03 4.13345E-03 2.50707E-03 1.52061E-03 9.22298E-04 5.59402E-04 3.39295E-04 2.05793E-04 % hydrogen
9.69458E-01 5.88006E-01 3.56644E-01 2.16315E-01 1.31202E-01 7.95779E-02 4.82665E-02 2.92751E-02 1.77562E-02 1.07697E-02 6.53215E-03 % oxygen
0.00000E+00 0.00000E+00 0.00000E+00 0.00000E+00 0.00000E+00 0.00000E+00 0.00000E+00 0.00000E+00 0.00000E+00 0.00000E+00 0.00000E+00 % lost data
1.00000E+00 6.06531E-01 3.67879E-01 2.23130E-01 1.35335E-01 8.20850E-02 4.97871E-02 3.01974E-02 1.83156E-02 1.11090E-02 6.73795E-03 % total
];

MAT_water_A = [
0.00000E+00 1.19806E-15 2.97873E-15 2.92200E-08 1.77228E-08 1.07495E-08 6.51987E-09 3.95450E-09 2.39853E-09 7.11084E-08 4.31294E-08 % hydrogen
0.00000E+00 0.00000E+00 0.00000E+00 0.00000E+00 0.00000E+00 0.00000E+00 0.00000E+00 0.00000E+00 0.00000E+00 1.21188E-01 7.14493E-02 % oxygen
0.00000E+00 0.00000E+00 0.00000E+00 0.00000E+00 0.00000E+00 0.00000E+00 0.00000E+00 0.00000E+00 0.00000E+00 0.00000E+00 0.00000E+00 % lost data
0.00000E+00 1.82396E+07 2.10726E+07 1.76956E+07 9.52201E+06 5.44218E+06 2.70780E+06 1.16315E+06 9.57861E+05 9.64441E+05 4.90659E+05 % total
];

MAT_water_H = [
0.00000E+00 1.09220E-30 2.71553E-30 2.66381E-23 1.61568E-23 9.79961E-24 5.94377E-24 3.60508E-24 2.18659E-24 6.48252E-23 3.93185E-23 % hydrogen
0.00000E+00 0.00000E+00 0.00000E+00 0.00000E+00 0.00000E+00 0.00000E+00 0.00000E+00 0.00000E+00 0.00000E+00 3.40860E-14 2.00963E-14 % oxygen
0.00000E+00 0.00000E+00 0.00000E+00 0.00000E+00 0.00000E+00 0.00000E+00 0.00000E+00 0.00000E+00 0.00000E+00 0.00000E+00 0.00000E+00 % lost data
0.00000E+00 2.11870E-05 2.44778E-05 2.05551E-05 1.10607E-05 6.32159E-06 3.14536E-06 1.35110E-06 1.11264E-06 1.12029E-06 5.69944E-07 % total
];

