
ZAI = [
1
8
666
0
];

NAMES = [
'hydrogen        '
'oxygen          '
'lost            '
'total           '
];

i1      = 1; ihydrogen         = 1;
i8      = 2; ioxygen           = 2;
iLOST    = 3;
iTOT     = 4;

MAT_empty_VOLUME = [ 1.00000E+00 1.00000E+00 1.00000E+00 1.00000E+00 1.00000E+00 1.00000E+00 1.00000E+00 1.00000E+00 1.00000E+00 1.00000E+00 1.00000E+00 ];

MAT_empty_BURNUP = [ 0.00000E+00 0.00000E+00 0.00000E+00 0.00000E+00 0.00000E+00 0.00000E+00 0.00000E+00 0.00000E+00 0.00000E+00 0.00000E+00 0.00000E+00 ];

MAT_empty_ADENS = [
0.00000E+00 9.12496E-03 1.36874E-02 1.59687E-02 1.71093E-02 1.76796E-02 1.79648E-02 1.81073E-02 1.81786E-02 1.82143E-02 1.82321E-02 % hydrogen
0.00000E+00 1.82499E-02 2.73749E-02 3.19373E-02 3.42186E-02 3.53592E-02 3.59295E-02 3.62147E-02 3.63572E-02 3.64285E-02 3.64642E-02 % oxygen
0.00000E+00 0.00000E+00 0.00000E+00 0.00000E+00 0.00000E+00 0.00000E+00 0.00000E+00 0.00000E+00 0.00000E+00 0.00000E+00 0.00000E+00 % lost data
0.00000E+00 2.73749E-02 4.10623E-02 4.79060E-02 5.13279E-02 5.30388E-02 5.38943E-02 5.43220E-02 5.45359E-02 5.46428E-02 5.46963E-02 % total
];

MAT_empty_MDENS = [
0.00000E+00 1.52712E-02 2.29067E-02 2.67245E-02 2.86334E-02 2.95879E-02 3.00651E-02 3.03037E-02 3.04230E-02 3.04827E-02 3.05125E-02 % hydrogen
0.00000E+00 4.84729E-01 7.27093E-01 8.48275E-01 9.08867E-01 9.39162E-01 9.54310E-01 9.61884E-01 9.65671E-01 9.67564E-01 9.68511E-01 % oxygen
0.00000E+00 0.00000E+00 0.00000E+00 0.00000E+00 0.00000E+00 0.00000E+00 0.00000E+00 0.00000E+00 0.00000E+00 0.00000E+00 0.00000E+00 % lost data
0.00000E+00 5.00000E-01 7.50000E-01 8.75000E-01 9.37500E-01 9.68750E-01 9.84375E-01 9.92188E-01 9.96094E-01 9.98047E-01 9.99023E-01 % total
];

MAT_empty_A = [
0.00000E+00 5.34863E-16 6.00281E-15 1.21123E-08 1.81685E-08 2.11966E-08 2.27107E-08 2.34677E-08 8.97947E-07 1.05847E-06 1.05857E-06 % hydrogen
0.00000E+00 0.00000E+00 0.00000E+00 0.00000E+00 0.00000E+00 0.00000E+00 0.00000E+00 0.00000E+00 0.00000E+00 0.00000E+00 0.00000E+00 % oxygen
0.00000E+00 0.00000E+00 0.00000E+00 0.00000E+00 0.00000E+00 0.00000E+00 0.00000E+00 0.00000E+00 0.00000E+00 0.00000E+00 0.00000E+00 % lost data
0.00000E+00 3.26440E+07 6.11254E+07 6.12689E+07 4.46144E+07 9.01088E+07 7.44380E+07 1.08401E+08 1.09471E+08 9.95323E+07 9.04822E+07 % total
];

MAT_empty_H = [
0.00000E+00 4.87601E-31 5.47240E-30 1.10421E-23 1.65631E-23 1.93236E-23 2.07039E-23 2.13941E-23 8.18603E-22 9.64945E-22 9.65031E-22 % hydrogen
0.00000E+00 0.00000E+00 0.00000E+00 0.00000E+00 0.00000E+00 0.00000E+00 0.00000E+00 0.00000E+00 0.00000E+00 0.00000E+00 0.00000E+00 % oxygen
0.00000E+00 0.00000E+00 0.00000E+00 0.00000E+00 0.00000E+00 0.00000E+00 0.00000E+00 0.00000E+00 0.00000E+00 0.00000E+00 0.00000E+00 % lost data
0.00000E+00 3.79190E-05 7.10027E-05 7.11694E-05 5.18237E-05 1.04670E-04 8.64665E-05 1.25917E-04 1.27161E-04 1.15616E-04 1.05103E-04 % total
];

MAT_empty_SF = [
0.00000E+00 0.00000E+00 0.00000E+00 0.00000E+00 0.00000E+00 0.00000E+00 0.00000E+00 0.00000E+00 0.00000E+00 0.00000E+00 0.00000E+00 % hydrogen
0.00000E+00 0.00000E+00 0.00000E+00 0.00000E+00 0.00000E+00 0.00000E+00 0.00000E+00 0.00000E+00 0.00000E+00 0.00000E+00 0.00000E+00 % oxygen
0.00000E+00 0.00000E+00 0.00000E+00 0.00000E+00 0.00000E+00 0.00000E+00 0.00000E+00 0.00000E+00 0.00000E+00 0.00000E+00 0.00000E+00 % lost data
0.00000E+00 0.00000E+00 0.00000E+00 0.00000E+00 0.00000E+00 0.00000E+00 0.00000E+00 0.00000E+00 0.00000E+00 0.00000E+00 0.00000E+00 % total
];

MAT_empty_GSRC = [
0.00000E+00 0.00000E+00 0.00000E+00 0.00000E+00 0.00000E+00 0.00000E+00 0.00000E+00 0.00000E+00 0.00000E+00 0.00000E+00 0.00000E+00 % hydrogen
0.00000E+00 0.00000E+00 0.00000E+00 0.00000E+00 0.00000E+00 0.00000E+00 0.00000E+00 0.00000E+00 0.00000E+00 0.00000E+00 0.00000E+00 % oxygen
0.00000E+00 0.00000E+00 0.00000E+00 0.00000E+00 0.00000E+00 0.00000E+00 0.00000E+00 0.00000E+00 0.00000E+00 0.00000E+00 0.00000E+00 % lost data
0.00000E+00 2.38715E+07 4.46990E+07 4.48039E+07 3.26250E+07 6.58935E+07 5.44340E+07 7.92699E+07 8.00527E+07 7.27846E+07 6.61666E+07 % total
];

MAT_empty_ING_TOX = [
0.00000E+00 2.24642E-26 2.52118E-25 5.08718E-19 7.63077E-19 8.90258E-19 9.53849E-19 9.85645E-19 3.77138E-17 4.44559E-17 4.44598E-17 % hydrogen
0.00000E+00 0.00000E+00 0.00000E+00 0.00000E+00 0.00000E+00 0.00000E+00 0.00000E+00 0.00000E+00 0.00000E+00 0.00000E+00 0.00000E+00 % oxygen
0.00000E+00 0.00000E+00 0.00000E+00 0.00000E+00 0.00000E+00 0.00000E+00 0.00000E+00 0.00000E+00 0.00000E+00 0.00000E+00 0.00000E+00 % lost data
0.00000E+00 3.46188E-26 3.92380E-25 5.08718E-19 7.63078E-19 8.90259E-19 9.53851E-19 9.85649E-19 3.77138E-17 4.44559E-17 4.44599E-17 % total
];

MAT_empty_INH_TOX = [
0.00000E+00 1.39064E-25 1.56073E-24 3.14921E-18 4.72381E-18 5.51112E-18 5.90478E-18 6.10161E-18 2.33466E-16 2.75203E-16 2.75228E-16 % hydrogen
0.00000E+00 0.00000E+00 0.00000E+00 0.00000E+00 0.00000E+00 0.00000E+00 0.00000E+00 0.00000E+00 0.00000E+00 0.00000E+00 0.00000E+00 % oxygen
0.00000E+00 0.00000E+00 0.00000E+00 0.00000E+00 0.00000E+00 0.00000E+00 0.00000E+00 0.00000E+00 0.00000E+00 0.00000E+00 0.00000E+00 % lost data
0.00000E+00 2.60610E-25 2.96335E-24 3.14921E-18 4.72382E-18 5.51113E-18 5.90480E-18 6.10165E-18 2.33466E-16 2.75203E-16 2.75228E-16 % total
];

MAT_water_VOLUME = [ 1.00000E+00 1.00000E+00 1.00000E+00 1.00000E+00 1.00000E+00 1.00000E+00 1.00000E+00 1.00000E+00 1.00000E+00 1.00000E+00 1.00000E+00 ];

MAT_water_BURNUP = [ 0.00000E+00 0.00000E+00 0.00000E+00 0.00000E+00 0.00000E+00 0.00000E+00 0.00000E+00 0.00000E+00 0.00000E+00 0.00000E+00 0.00000E+00 ];

MAT_water_ADENS = [
1.82499E-02 9.12496E-03 4.56248E-03 2.28124E-03 1.14062E-03 5.70310E-04 2.85155E-04 1.42577E-04 7.12887E-05 3.56444E-05 1.78222E-05 % hydrogen
3.64998E-02 1.82499E-02 9.12496E-03 4.56248E-03 2.28124E-03 1.14062E-03 5.70310E-04 2.85155E-04 1.42577E-04 7.12887E-05 3.56444E-05 % oxygen
0.00000E+00 0.00000E+00 0.00000E+00 0.00000E+00 0.00000E+00 0.00000E+00 0.00000E+00 0.00000E+00 0.00000E+00 0.00000E+00 0.00000E+00 % lost data
5.47497E-02 2.73749E-02 1.36874E-02 6.84372E-03 3.42186E-03 1.71093E-03 8.55465E-04 4.27732E-04 2.13866E-04 1.06933E-04 5.34665E-05 % total
];

MAT_water_MDENS = [
3.05423E-02 1.52712E-02 7.63558E-03 3.81779E-03 1.90890E-03 9.54448E-04 4.77224E-04 2.38612E-04 1.19306E-04 5.96530E-05 2.98265E-05 % hydrogen
9.69458E-01 4.84729E-01 2.42364E-01 1.21182E-01 6.05911E-02 3.02956E-02 1.51478E-02 7.57389E-03 3.78694E-03 1.89347E-03 9.46736E-04 % oxygen
0.00000E+00 0.00000E+00 0.00000E+00 0.00000E+00 0.00000E+00 0.00000E+00 0.00000E+00 0.00000E+00 0.00000E+00 0.00000E+00 0.00000E+00 % lost data
1.00000E+00 5.00000E-01 2.50000E-01 1.25000E-01 6.25000E-02 3.12500E-02 1.56250E-02 7.81250E-03 3.90625E-03 1.95313E-03 9.76563E-04 % total
];

MAT_water_A = [
0.00000E+00 1.64606E-15 2.42246E-08 1.21123E-08 6.05616E-09 3.02808E-09 1.51404E-09 7.57021E-10 3.78511E-10 1.89256E-10 9.46279E-11 % hydrogen
0.00000E+00 0.00000E+00 0.00000E+00 0.00000E+00 0.00000E+00 0.00000E+00 0.00000E+00 0.00000E+00 0.00000E+00 0.00000E+00 0.00000E+00 % oxygen
0.00000E+00 0.00000E+00 0.00000E+00 0.00000E+00 0.00000E+00 0.00000E+00 0.00000E+00 0.00000E+00 0.00000E+00 0.00000E+00 0.00000E+00 % lost data
0.00000E+00 2.19474E+07 1.97254E+07 1.07915E+07 5.25860E+06 3.04444E+06 1.94686E+06 7.80670E+05 3.21702E+05 1.23127E+05 4.67723E+04 % total
];

MAT_water_H = [
0.00000E+00 1.50061E-30 2.20841E-23 1.10421E-23 5.52103E-24 2.76052E-24 1.38026E-24 6.90130E-25 3.45065E-25 1.72533E-25 8.62665E-26 % hydrogen
0.00000E+00 0.00000E+00 0.00000E+00 0.00000E+00 0.00000E+00 0.00000E+00 0.00000E+00 0.00000E+00 0.00000E+00 0.00000E+00 0.00000E+00 % oxygen
0.00000E+00 0.00000E+00 0.00000E+00 0.00000E+00 0.00000E+00 0.00000E+00 0.00000E+00 0.00000E+00 0.00000E+00 0.00000E+00 0.00000E+00 % lost data
0.00000E+00 2.54938E-05 2.29128E-05 1.25353E-05 6.10834E-06 3.53639E-06 2.26145E-06 9.06819E-07 3.73686E-07 1.43023E-07 5.43302E-08 % total
];

