
ZAI = [
1
8
666
0
];

NAMES = [
'hydrogen        '
'oxygen          '
'lost            '
'total           '
];

i1      = 1; ihydrogen         = 1;
i8      = 2; ioxygen           = 2;
iLOST    = 3;
iTOT     = 4;

MAT_empty_VOLUME = [ 1.00000E+00 1.00000E+00 1.00000E+00 1.00000E+00 1.00000E+00 1.00000E+00 1.00000E+00 1.00000E+00 1.00000E+00 1.00000E+00 1.00000E+00 ];

MAT_empty_BURNUP = [ 0.00000E+00 0.00000E+00 0.00000E+00 0.00000E+00 0.00000E+00 0.00000E+00 0.00000E+00 0.00000E+00 0.00000E+00 0.00000E+00 0.00000E+00 ];

MAT_empty_ADENS = [
0.00000E+00 9.12496E-03 1.82499E-02 2.73749E-02 3.64998E-02 4.56248E-02 5.47497E-02 6.38747E-02 7.29997E-02 8.21246E-02 9.12496E-02 % hydrogen
0.00000E+00 1.82499E-02 3.64998E-02 5.47497E-02 7.29997E-02 9.12496E-02 1.09499E-01 1.27749E-01 1.45999E-01 1.64249E-01 1.82499E-01 % oxygen
0.00000E+00 0.00000E+00 0.00000E+00 0.00000E+00 0.00000E+00 0.00000E+00 0.00000E+00 0.00000E+00 0.00000E+00 0.00000E+00 0.00000E+00 % lost data
0.00000E+00 2.73749E-02 5.47497E-02 8.21246E-02 1.09499E-01 1.36874E-01 1.64249E-01 1.91624E-01 2.18999E-01 2.46374E-01 2.73749E-01 % total
];

MAT_empty_MDENS = [
0.00000E+00 1.52712E-02 3.05423E-02 4.58135E-02 6.10846E-02 7.63558E-02 9.16270E-02 1.06898E-01 1.22169E-01 1.37440E-01 1.52712E-01 % hydrogen
0.00000E+00 4.84729E-01 9.69458E-01 1.45419E+00 1.93892E+00 2.42364E+00 2.90837E+00 3.39310E+00 3.87783E+00 4.36256E+00 4.84729E+00 % oxygen
0.00000E+00 0.00000E+00 0.00000E+00 0.00000E+00 0.00000E+00 0.00000E+00 0.00000E+00 0.00000E+00 0.00000E+00 0.00000E+00 0.00000E+00 % lost data
0.00000E+00 5.00000E-01 1.00000E+00 1.50000E+00 2.00000E+00 2.50000E+00 3.00000E+00 3.50000E+00 4.00000E+00 4.50000E+00 5.00000E+00 % total
];

MAT_empty_A = [
0.00000E+00 1.25830E-15 1.12694E-14 3.73494E-14 8.84033E-14 3.30494E-08 9.91481E-08 3.27647E-07 5.06572E-07 6.85498E-07 1.07446E-05 % hydrogen
0.00000E+00 0.00000E+00 0.00000E+00 0.00000E+00 0.00000E+00 0.00000E+00 0.00000E+00 0.00000E+00 0.00000E+00 0.00000E+00 3.56384E+02 % oxygen
0.00000E+00 0.00000E+00 0.00000E+00 0.00000E+00 0.00000E+00 0.00000E+00 0.00000E+00 0.00000E+00 0.00000E+00 0.00000E+00 0.00000E+00 % lost data
0.00000E+00 3.95554E+07 1.51882E+08 1.79564E+08 2.26757E+08 2.04054E+08 3.09821E+08 4.45636E+08 5.19109E+08 4.85534E+08 6.25137E+08 % total
];

MAT_empty_H = [
0.00000E+00 1.14711E-30 1.02737E-29 3.40492E-29 8.05919E-29 3.01291E-23 9.03872E-23 2.98695E-22 4.61811E-22 6.24926E-22 9.79519E-21 % hydrogen
0.00000E+00 0.00000E+00 0.00000E+00 0.00000E+00 0.00000E+00 0.00000E+00 0.00000E+00 0.00000E+00 0.00000E+00 0.00000E+00 1.00239E-10 % oxygen
0.00000E+00 0.00000E+00 0.00000E+00 0.00000E+00 0.00000E+00 0.00000E+00 0.00000E+00 0.00000E+00 0.00000E+00 0.00000E+00 0.00000E+00 % lost data
0.00000E+00 4.59471E-05 1.76424E-04 2.08580E-04 2.63398E-04 2.37028E-04 3.59885E-04 5.17646E-04 6.02992E-04 5.63991E-04 7.26152E-04 % total
];

MAT_empty_SF = [
0.00000E+00 0.00000E+00 0.00000E+00 0.00000E+00 0.00000E+00 0.00000E+00 0.00000E+00 0.00000E+00 0.00000E+00 0.00000E+00 0.00000E+00 % hydrogen
0.00000E+00 0.00000E+00 0.00000E+00 0.00000E+00 0.00000E+00 0.00000E+00 0.00000E+00 0.00000E+00 0.00000E+00 0.00000E+00 0.00000E+00 % oxygen
0.00000E+00 0.00000E+00 0.00000E+00 0.00000E+00 0.00000E+00 0.00000E+00 0.00000E+00 0.00000E+00 0.00000E+00 0.00000E+00 0.00000E+00 % lost data
0.00000E+00 0.00000E+00 0.00000E+00 0.00000E+00 0.00000E+00 0.00000E+00 0.00000E+00 0.00000E+00 0.00000E+00 0.00000E+00 0.00000E+00 % total
];

MAT_empty_GSRC = [
0.00000E+00 0.00000E+00 0.00000E+00 0.00000E+00 0.00000E+00 0.00000E+00 0.00000E+00 0.00000E+00 0.00000E+00 0.00000E+00 0.00000E+00 % hydrogen
0.00000E+00 0.00000E+00 0.00000E+00 0.00000E+00 0.00000E+00 0.00000E+00 0.00000E+00 0.00000E+00 0.00000E+00 0.00000E+00 7.12058E+02 % oxygen
0.00000E+00 0.00000E+00 0.00000E+00 0.00000E+00 0.00000E+00 0.00000E+00 0.00000E+00 0.00000E+00 0.00000E+00 0.00000E+00 0.00000E+00 % lost data
0.00000E+00 2.89255E+07 1.11066E+08 1.31309E+08 1.65819E+08 1.49218E+08 2.26561E+08 3.25878E+08 3.79607E+08 3.55054E+08 4.57142E+08 % total
];

MAT_empty_ING_TOX = [
0.00000E+00 5.28484E-26 4.73317E-25 1.56868E-24 3.71294E-24 1.38808E-18 4.16422E-18 1.37612E-17 2.12760E-17 2.87909E-17 4.51273E-16 % hydrogen
0.00000E+00 0.00000E+00 0.00000E+00 0.00000E+00 0.00000E+00 0.00000E+00 0.00000E+00 0.00000E+00 0.00000E+00 0.00000E+00 0.00000E+00 % oxygen
0.00000E+00 0.00000E+00 0.00000E+00 0.00000E+00 0.00000E+00 0.00000E+00 0.00000E+00 0.00000E+00 0.00000E+00 0.00000E+00 0.00000E+00 % lost data
0.00000E+00 8.41205E-26 7.31829E-25 2.45826E-24 5.86020E-24 1.38808E-18 4.16423E-18 1.37612E-17 2.12760E-17 2.87909E-17 4.51273E-16 % total
];

MAT_empty_INH_TOX = [
0.00000E+00 3.27157E-25 2.93006E-24 9.71086E-24 2.29849E-23 8.59286E-18 2.57785E-17 8.51881E-17 1.31709E-16 1.78229E-16 2.79360E-15 % hydrogen
0.00000E+00 0.00000E+00 0.00000E+00 0.00000E+00 0.00000E+00 0.00000E+00 0.00000E+00 0.00000E+00 0.00000E+00 0.00000E+00 0.00000E+00 % oxygen
0.00000E+00 0.00000E+00 0.00000E+00 0.00000E+00 0.00000E+00 0.00000E+00 0.00000E+00 0.00000E+00 0.00000E+00 0.00000E+00 0.00000E+00 % lost data
0.00000E+00 6.39878E-25 5.51518E-24 1.86067E-23 4.44575E-23 8.59290E-18 2.57786E-17 8.51882E-17 1.31709E-16 1.78230E-16 2.79360E-15 % total
];

MAT_water_VOLUME = [ 1.00000E+00 1.00000E+00 1.00000E+00 1.00000E+00 1.00000E+00 1.00000E+00 1.00000E+00 1.00000E+00 1.00000E+00 1.00000E+00 1.00000E+00 ];

MAT_water_BURNUP = [ 0.00000E+00 0.00000E+00 0.00000E+00 0.00000E+00 0.00000E+00 0.00000E+00 0.00000E+00 0.00000E+00 0.00000E+00 0.00000E+00 0.00000E+00 ];

MAT_water_ADENS = [
1.82499E-02 1.82499E-02 1.82499E-02 1.82499E-02 1.82499E-02 1.82499E-02 1.82499E-02 1.82499E-02 1.82499E-02 1.82499E-02 1.82499E-02 % hydrogen
3.64998E-02 3.64998E-02 3.64998E-02 3.64998E-02 3.64998E-02 3.64998E-02 3.64998E-02 3.64998E-02 3.64998E-02 3.64998E-02 3.64998E-02 % oxygen
0.00000E+00 0.00000E+00 0.00000E+00 0.00000E+00 0.00000E+00 0.00000E+00 0.00000E+00 0.00000E+00 0.00000E+00 0.00000E+00 0.00000E+00 % lost data
5.47497E-02 5.47497E-02 5.47497E-02 5.47497E-02 5.47497E-02 5.47497E-02 5.47497E-02 5.47497E-02 5.47497E-02 5.47497E-02 5.47497E-02 % total
];

MAT_water_MDENS = [
3.05423E-02 3.05423E-02 3.05423E-02 3.05423E-02 3.05423E-02 3.05423E-02 3.05423E-02 3.05423E-02 3.05423E-02 3.05423E-02 3.05423E-02 % hydrogen
9.69458E-01 9.69458E-01 9.69458E-01 9.69458E-01 9.69458E-01 9.69458E-01 9.69458E-01 9.69458E-01 9.69458E-01 9.69458E-01 9.69458E-01 % oxygen
0.00000E+00 0.00000E+00 0.00000E+00 0.00000E+00 0.00000E+00 0.00000E+00 0.00000E+00 0.00000E+00 0.00000E+00 0.00000E+00 0.00000E+00 % lost data
1.00000E+00 1.00000E+00 1.00000E+00 1.00000E+00 1.00000E+00 1.00000E+00 1.00000E+00 1.00000E+00 1.00000E+00 1.00000E+00 1.00000E+00 % total
];

MAT_water_A = [
0.00000E+00 1.97527E-15 7.83206E-15 1.80414E-14 3.25094E-14 1.32197E-07 1.32197E-07 3.57851E-07 3.57851E-07 3.57851E-07 3.98786E-05 % hydrogen
0.00000E+00 0.00000E+00 0.00000E+00 0.00000E+00 0.00000E+00 0.00000E+00 0.00000E+00 0.00000E+00 0.00000E+00 0.00000E+00 1.43230E+03 % oxygen
0.00000E+00 0.00000E+00 0.00000E+00 0.00000E+00 0.00000E+00 0.00000E+00 0.00000E+00 0.00000E+00 0.00000E+00 0.00000E+00 0.00000E+00 % lost data
0.00000E+00 3.00721E+07 3.89289E+07 3.30650E+07 4.15340E+07 5.97001E+07 9.11036E+07 1.15056E+08 9.13366E+07 1.53058E+08 1.10704E+08 % total
];

MAT_water_H = [
0.00000E+00 1.80074E-30 7.14000E-30 1.64473E-29 2.96368E-29 1.20516E-22 1.20516E-22 3.26230E-22 3.26230E-22 3.26230E-22 3.63548E-20 % hydrogen
0.00000E+00 0.00000E+00 0.00000E+00 0.00000E+00 0.00000E+00 0.00000E+00 0.00000E+00 0.00000E+00 0.00000E+00 0.00000E+00 4.02859E-10 % oxygen
0.00000E+00 0.00000E+00 0.00000E+00 0.00000E+00 0.00000E+00 0.00000E+00 0.00000E+00 0.00000E+00 0.00000E+00 0.00000E+00 0.00000E+00 % lost data
0.00000E+00 3.49314E-05 4.52195E-05 3.84080E-05 4.82455E-05 6.93470E-05 1.05825E-04 1.33648E-04 1.06096E-04 1.77790E-04 1.28592E-04 % total
];

