
ZAI = [
1
666
0
];

NAMES = [
'hydrogen        '
'lost            '
'total           '
];

i1      = 1; ihydrogen         = 1;
iLOST    = 2;
iTOT     = 3;

MAT_fuel_VOLUME = [ 5.00000E+00 5.00000E+00 5.00000E+00 5.00000E+00 5.00000E+00 5.00000E+00 5.00000E+00 5.00000E+00 5.00000E+00 5.00000E+00 5.00000E+00 ];

MAT_fuel_BURNUP = [ 0.00000E+00 1.23531E-08 1.35890E-07 7.53580E-07 1.37125E-06 1.98895E-06 2.60662E-06 3.22430E-06 3.84196E-06 3.96549E-06 3.97784E-06 ];

MAT_fuel_ADENS = [
0.00000E+00 3.66065E-31 2.59671E-29 1.17704E-27 5.87498E-27 1.44033E-26 3.43506E-26 6.39288E-26 1.02347E-25 1.13003E-25 1.14135E-25 % hydrogen
0.00000E+00 2.72853E-19 3.00916E-18 1.66643E-17 3.03053E-17 4.39828E-17 5.76147E-17 7.12807E-17 8.49385E-17 8.76643E-17 8.79368E-17 % lost data
4.74981E-02 4.74981E-02 4.74981E-02 4.74981E-02 4.74981E-02 4.74981E-02 4.74981E-02 4.74981E-02 4.74981E-02 4.74981E-02 4.74981E-02 % total
];

MAT_fuel_MDENS = [
0.00000E+00 6.86782E-31 4.85253E-29 2.10951E-27 1.05747E-26 2.55448E-26 6.25763E-26 1.14507E-25 1.81918E-25 2.01526E-25 2.03628E-25 % hydrogen
0.00000E+00 0.00000E+00 0.00000E+00 0.00000E+00 0.00000E+00 0.00000E+00 0.00000E+00 0.00000E+00 0.00000E+00 0.00000E+00 0.00000E+00 % lost data
1.87400E+01 1.87400E+01 1.87400E+01 1.87400E+01 1.87400E+01 1.87400E+01 1.87400E+01 1.87400E+01 1.87400E+01 1.87400E+01 1.87400E+01 % total
];

MAT_fuel_A = [
0.00000E+00 4.96327E-17 3.56364E-15 5.75091E-14 5.19717E-13 8.56717E-13 5.04634E-12 6.45794E-12 8.35031E-12 1.03431E-11 1.05829E-11 % hydrogen
0.00000E+00 0.00000E+00 0.00000E+00 0.00000E+00 0.00000E+00 0.00000E+00 0.00000E+00 0.00000E+00 0.00000E+00 0.00000E+00 0.00000E+00 % lost data
2.11398E+06 1.56543E+12 1.23195E+13 3.43654E+13 4.40087E+13 4.99887E+13 5.42539E+13 5.75764E+13 6.02821E+13 6.07691E+13 6.08163E+13 % total
];

MAT_fuel_H = [
0.00000E+00 4.52471E-32 3.24875E-30 5.24275E-29 4.73794E-28 7.81016E-28 4.60044E-27 5.88731E-27 7.61246E-27 9.42915E-27 9.64780E-27 % hydrogen
0.00000E+00 0.00000E+00 0.00000E+00 0.00000E+00 0.00000E+00 0.00000E+00 0.00000E+00 0.00000E+00 0.00000E+00 0.00000E+00 0.00000E+00 % lost data
1.50875E-06 1.12458E+00 8.29242E+00 2.10181E+01 2.59934E+01 2.89029E+01 3.08974E+01 3.24196E+01 3.36406E+01 3.38593E+01 3.38803E+01 % total
];

MAT_fuel_SF = [
0.00000E+00 0.00000E+00 0.00000E+00 0.00000E+00 0.00000E+00 0.00000E+00 0.00000E+00 0.00000E+00 0.00000E+00 0.00000E+00 0.00000E+00 % hydrogen
0.00000E+00 0.00000E+00 0.00000E+00 0.00000E+00 0.00000E+00 0.00000E+00 0.00000E+00 0.00000E+00 0.00000E+00 0.00000E+00 0.00000E+00 % lost data
5.40799E+01 5.40799E+01 5.40799E+01 5.40799E+01 5.40799E+01 5.40799E+01 5.40799E+01 5.40799E+01 5.40799E+01 5.40799E+01 5.40799E+01 % total
];

MAT_fuel_GSRC = [
0.00000E+00 0.00000E+00 0.00000E+00 0.00000E+00 0.00000E+00 0.00000E+00 0.00000E+00 0.00000E+00 0.00000E+00 0.00000E+00 0.00000E+00 % hydrogen
0.00000E+00 0.00000E+00 0.00000E+00 0.00000E+00 0.00000E+00 0.00000E+00 0.00000E+00 0.00000E+00 0.00000E+00 0.00000E+00 0.00000E+00 % lost data
1.43723E+06 1.00940E+12 8.62282E+12 2.53818E+13 3.27514E+13 3.72142E+13 4.02450E+13 4.24777E+13 4.42102E+13 4.45138E+13 4.45432E+13 % total
];

MAT_fuel_ING_TOX = [
0.00000E+00 2.08457E-27 1.49673E-25 2.41538E-24 2.18281E-23 3.59821E-23 2.11946E-22 2.71234E-22 3.50713E-22 4.34409E-22 4.44483E-22 % hydrogen
0.00000E+00 0.00000E+00 0.00000E+00 0.00000E+00 0.00000E+00 0.00000E+00 0.00000E+00 0.00000E+00 0.00000E+00 0.00000E+00 0.00000E+00 % lost data
9.73760E-02 1.30442E-01 4.78171E-01 2.62564E+00 5.26144E+00 8.23166E+00 1.14538E+01 1.48721E+01 1.84516E+01 1.91844E+01 1.92580E+01 % total
];

MAT_fuel_INH_TOX = [
0.00000E+00 1.29045E-26 9.26547E-25 1.49524E-23 1.35127E-22 2.22746E-22 1.31205E-21 1.67906E-21 2.17108E-21 2.68920E-21 2.75156E-21 % hydrogen
0.00000E+00 0.00000E+00 0.00000E+00 0.00000E+00 0.00000E+00 0.00000E+00 0.00000E+00 0.00000E+00 0.00000E+00 0.00000E+00 0.00000E+00 % lost data
1.74736E+01 1.74918E+01 1.76834E+01 1.88523E+01 2.02628E+01 2.18329E+01 2.35204E+01 2.52973E+01 2.71463E+01 2.75236E+01 2.75615E+01 % total
];

MAT_empty_VOLUME = [ 3.00000E+00 3.00000E+00 3.00000E+00 3.00000E+00 3.00000E+00 3.00000E+00 3.00000E+00 3.00000E+00 3.00000E+00 3.00000E+00 3.00000E+00 ];

MAT_empty_BURNUP = [ 0.00000E+00 0.00000E+00 0.00000E+00 0.00000E+00 0.00000E+00 0.00000E+00 0.00000E+00 0.00000E+00 0.00000E+00 0.00000E+00 0.00000E+00 ];

MAT_empty_ADENS = [
0.00000E+00 9.12496E-06 1.00101E-04 5.41333E-04 9.16381E-04 1.23517E-03 1.50614E-03 1.73647E-03 1.93225E-03 1.96553E-03 1.96876E-03 % hydrogen
0.00000E+00 0.00000E+00 0.00000E+00 0.00000E+00 0.00000E+00 0.00000E+00 0.00000E+00 0.00000E+00 0.00000E+00 0.00000E+00 0.00000E+00 % lost data
1.50453E-01 1.50481E-01 1.50753E-01 1.52077E-01 1.53202E-01 1.54159E-01 1.54972E-01 1.55663E-01 1.56250E-01 1.56350E-01 1.56359E-01 % total
];

MAT_empty_MDENS = [
0.00000E+00 1.52712E-05 1.67525E-04 9.05954E-04 1.53362E-03 2.06713E-03 2.52062E-03 2.90609E-03 3.23373E-03 3.28943E-03 3.29483E-03 % hydrogen
0.00000E+00 0.00000E+00 0.00000E+00 0.00000E+00 0.00000E+00 0.00000E+00 0.00000E+00 0.00000E+00 0.00000E+00 0.00000E+00 0.00000E+00 % lost data
1.00000E+00 1.00050E+00 1.00548E+00 1.02966E+00 1.05021E+00 1.06768E+00 1.08253E+00 1.09515E+00 1.10588E+00 1.10770E+00 1.10788E+00 % total
];

MAT_empty_A = [
0.00000E+00 6.10416E-11 9.07555E-09 1.55994E-08 1.55994E-08 8.67166E-08 1.46199E-07 2.54069E-07 9.10529E-07 9.17835E-07 9.18544E-07 % hydrogen
0.00000E+00 0.00000E+00 0.00000E+00 0.00000E+00 0.00000E+00 0.00000E+00 0.00000E+00 0.00000E+00 0.00000E+00 0.00000E+00 0.00000E+00 % lost data
0.00000E+00 9.24119E+02 1.19442E+05 2.68053E+06 1.09117E+07 1.55371E+07 2.26543E+07 2.98432E+07 3.61453E+07 3.53983E+07 3.54769E+07 % total
];

MAT_empty_H = [
0.00000E+00 5.56479E-26 8.27362E-24 1.42210E-23 1.42210E-23 7.90541E-23 1.33280E-22 2.31619E-22 8.30073E-22 8.36734E-22 8.37380E-22 % hydrogen
0.00000E+00 0.00000E+00 0.00000E+00 0.00000E+00 0.00000E+00 0.00000E+00 0.00000E+00 0.00000E+00 0.00000E+00 0.00000E+00 0.00000E+00 % lost data
0.00000E+00 1.07345E-09 1.38742E-07 3.11367E-06 1.26749E-05 1.80477E-05 2.63150E-05 3.46656E-05 4.19861E-05 4.11183E-05 4.12096E-05 % total
];

MAT_empty_SF = [
0.00000E+00 0.00000E+00 0.00000E+00 0.00000E+00 0.00000E+00 0.00000E+00 0.00000E+00 0.00000E+00 0.00000E+00 0.00000E+00 0.00000E+00 % hydrogen
0.00000E+00 0.00000E+00 0.00000E+00 0.00000E+00 0.00000E+00 0.00000E+00 0.00000E+00 0.00000E+00 0.00000E+00 0.00000E+00 0.00000E+00 % lost data
0.00000E+00 0.00000E+00 0.00000E+00 0.00000E+00 0.00000E+00 0.00000E+00 0.00000E+00 0.00000E+00 0.00000E+00 0.00000E+00 0.00000E+00 % total
];

MAT_empty_GSRC = [
0.00000E+00 0.00000E+00 0.00000E+00 0.00000E+00 0.00000E+00 0.00000E+00 0.00000E+00 0.00000E+00 0.00000E+00 0.00000E+00 0.00000E+00 % hydrogen
0.00000E+00 0.00000E+00 0.00000E+00 0.00000E+00 0.00000E+00 0.00000E+00 0.00000E+00 0.00000E+00 0.00000E+00 0.00000E+00 0.00000E+00 % lost data
0.00000E+00 6.75778E+02 8.73437E+04 1.96018E+06 7.97934E+06 1.13617E+07 1.65663E+07 2.18233E+07 2.64319E+07 2.58855E+07 2.59431E+07 % total
];

MAT_empty_ING_TOX = [
0.00000E+00 2.56375E-21 3.81173E-19 6.55175E-19 6.55175E-19 3.64210E-18 6.14034E-18 1.06709E-17 3.82422E-17 3.85491E-17 3.85788E-17 % hydrogen
0.00000E+00 0.00000E+00 0.00000E+00 0.00000E+00 0.00000E+00 0.00000E+00 0.00000E+00 0.00000E+00 0.00000E+00 0.00000E+00 0.00000E+00 % lost data
0.00000E+00 2.56375E-21 3.81173E-19 6.55175E-19 6.55175E-19 3.64210E-18 6.14034E-18 1.06709E-17 3.82422E-17 3.85491E-17 3.85788E-17 % total
];

MAT_empty_INH_TOX = [
0.00000E+00 1.58708E-20 2.35964E-18 4.05585E-18 4.05585E-18 2.25463E-17 3.80116E-17 6.60580E-17 2.36738E-16 2.38637E-16 2.38821E-16 % hydrogen
0.00000E+00 0.00000E+00 0.00000E+00 0.00000E+00 0.00000E+00 0.00000E+00 0.00000E+00 0.00000E+00 0.00000E+00 0.00000E+00 0.00000E+00 % lost data
0.00000E+00 1.58708E-20 2.35964E-18 4.05585E-18 4.05585E-18 2.25463E-17 3.80116E-17 6.60580E-17 2.36738E-16 2.38637E-16 2.38821E-16 % total
];

