
ZAI = [
1
666
0
];

NAMES = [
'hydrogen        '
'lost            '
'total           '
];

i1      = 1; ihydrogen         = 1;
iLOST    = 2;
iTOT     = 3;

MAT_fuel_VOLUME = [ 5.00000E+00 5.00000E+00 5.00000E+00 5.00000E+00 5.00000E+00 5.00000E+00 5.00000E+00 5.00000E+00 5.00000E+00 5.00000E+00 5.00000E+00 ];

MAT_fuel_BURNUP = [ 0.00000E+00 1.23531E-08 1.35890E-07 7.53605E-07 1.37131E-06 1.98899E-06 2.60667E-06 3.22434E-06 3.84203E-06 3.96556E-06 3.97792E-06 ];

MAT_fuel_ADENS = [
0.00000E+00 3.66065E-31 2.59671E-29 1.27704E-27 5.96897E-27 2.12458E-26 4.44346E-26 7.85705E-26 1.33022E-25 1.45734E-25 1.46723E-25 % hydrogen
0.00000E+00 2.72853E-19 3.00915E-18 1.66691E-17 3.03337E-17 4.39612E-17 5.76311E-17 7.12731E-17 8.48709E-17 8.75907E-17 8.78637E-17 % lost data
4.74981E-02 4.74981E-02 4.74981E-02 4.74981E-02 4.74981E-02 4.74981E-02 4.74981E-02 4.74981E-02 4.74981E-02 4.74981E-02 4.74981E-02 % total
];

MAT_fuel_MDENS = [
0.00000E+00 6.86782E-31 4.85253E-29 2.33691E-27 1.06276E-26 3.94220E-26 8.17046E-26 1.43893E-25 2.44411E-25 2.68014E-25 2.69800E-25 % hydrogen
0.00000E+00 0.00000E+00 0.00000E+00 0.00000E+00 0.00000E+00 0.00000E+00 0.00000E+00 0.00000E+00 0.00000E+00 0.00000E+00 0.00000E+00 % lost data
1.87400E+01 1.87400E+01 1.87400E+01 1.87400E+01 1.87400E+01 1.87400E+01 1.87400E+01 1.87400E+01 1.87400E+01 1.87400E+01 1.87400E+01 % total
];

MAT_fuel_A = [
0.00000E+00 4.96327E-17 3.56364E-15 1.40933E-13 3.39853E-13 4.14906E-12 7.71832E-12 1.30517E-11 2.35839E-11 2.62520E-11 2.63838E-11 % hydrogen
0.00000E+00 0.00000E+00 0.00000E+00 0.00000E+00 0.00000E+00 0.00000E+00 0.00000E+00 0.00000E+00 0.00000E+00 0.00000E+00 0.00000E+00 % lost data
2.11398E+06 1.56543E+12 1.23195E+13 3.43626E+13 4.40027E+13 4.99724E+13 5.42632E+13 5.75667E+13 6.02528E+13 6.07417E+13 6.07906E+13 % total
];

MAT_fuel_H = [
0.00000E+00 4.52471E-32 3.24875E-30 1.28480E-28 3.09823E-28 3.78244E-27 7.03632E-27 1.18985E-26 2.15000E-26 2.39323E-26 2.40525E-26 % hydrogen
0.00000E+00 0.00000E+00 0.00000E+00 0.00000E+00 0.00000E+00 0.00000E+00 0.00000E+00 0.00000E+00 0.00000E+00 0.00000E+00 0.00000E+00 % lost data
1.50875E-06 1.12458E+00 8.29242E+00 2.10161E+01 2.59894E+01 2.88915E+01 3.09045E+01 3.24129E+01 3.36202E+01 3.38407E+01 3.38630E+01 % total
];

MAT_fuel_SF = [
0.00000E+00 0.00000E+00 0.00000E+00 0.00000E+00 0.00000E+00 0.00000E+00 0.00000E+00 0.00000E+00 0.00000E+00 0.00000E+00 0.00000E+00 % hydrogen
0.00000E+00 0.00000E+00 0.00000E+00 0.00000E+00 0.00000E+00 0.00000E+00 0.00000E+00 0.00000E+00 0.00000E+00 0.00000E+00 0.00000E+00 % lost data
5.40799E+01 5.40799E+01 5.40799E+01 5.40799E+01 5.40799E+01 5.40799E+01 5.40799E+01 5.40799E+01 5.40799E+01 5.40799E+01 5.40799E+01 % total
];

MAT_fuel_GSRC = [
0.00000E+00 0.00000E+00 0.00000E+00 0.00000E+00 0.00000E+00 0.00000E+00 0.00000E+00 0.00000E+00 0.00000E+00 0.00000E+00 0.00000E+00 % hydrogen
0.00000E+00 0.00000E+00 0.00000E+00 0.00000E+00 0.00000E+00 0.00000E+00 0.00000E+00 0.00000E+00 0.00000E+00 0.00000E+00 0.00000E+00 % lost data
1.43723E+06 1.00940E+12 8.62282E+12 2.53804E+13 3.27473E+13 3.72050E+13 4.02494E+13 4.24719E+13 4.41929E+13 4.44969E+13 4.45271E+13 % total
];

MAT_fuel_ING_TOX = [
0.00000E+00 2.08457E-27 1.49673E-25 5.91920E-24 1.42738E-23 1.74260E-22 3.24170E-22 5.48173E-22 9.90523E-22 1.10258E-21 1.10812E-21 % hydrogen
0.00000E+00 0.00000E+00 0.00000E+00 0.00000E+00 0.00000E+00 0.00000E+00 0.00000E+00 0.00000E+00 0.00000E+00 0.00000E+00 0.00000E+00 % lost data
9.73760E-02 1.30442E-01 4.78171E-01 2.62651E+00 5.26311E+00 8.23558E+00 1.14552E+01 1.48752E+01 1.84592E+01 1.91927E+01 1.92663E+01 % total
];

MAT_fuel_INH_TOX = [
0.00000E+00 1.29045E-26 9.26547E-25 3.66427E-23 8.83618E-23 1.07875E-21 2.00676E-21 3.39345E-21 6.13181E-21 6.82551E-21 6.85980E-21 % hydrogen
0.00000E+00 0.00000E+00 0.00000E+00 0.00000E+00 0.00000E+00 0.00000E+00 0.00000E+00 0.00000E+00 0.00000E+00 0.00000E+00 0.00000E+00 % lost data
1.74736E+01 1.74918E+01 1.76834E+01 1.88531E+01 2.02642E+01 2.18358E+01 2.35216E+01 2.52999E+01 2.71520E+01 2.75298E+01 2.75677E+01 % total
];

MAT_empty_VOLUME = [ 3.00000E+00 3.00000E+00 3.00000E+00 3.00000E+00 3.00000E+00 3.00000E+00 3.00000E+00 3.00000E+00 3.00000E+00 3.00000E+00 3.00000E+00 ];

MAT_empty_BURNUP = [ 0.00000E+00 0.00000E+00 0.00000E+00 0.00000E+00 0.00000E+00 0.00000E+00 0.00000E+00 0.00000E+00 0.00000E+00 0.00000E+00 0.00000E+00 ];

MAT_empty_ADENS = [
0.00000E+00 9.12496E-06 1.00375E-04 5.56622E-04 1.01287E-03 1.46912E-03 1.92537E-03 2.38161E-03 2.83786E-03 2.92911E-03 2.93824E-03 % hydrogen
0.00000E+00 0.00000E+00 0.00000E+00 0.00000E+00 0.00000E+00 0.00000E+00 0.00000E+00 0.00000E+00 0.00000E+00 0.00000E+00 0.00000E+00 % lost data
1.50453E-01 1.50481E-01 1.50754E-01 1.52123E-01 1.53492E-01 1.54861E-01 1.56229E-01 1.57598E-01 1.58967E-01 1.59241E-01 1.59268E-01 % total
];

MAT_empty_MDENS = [
0.00000E+00 1.52712E-05 1.67983E-04 9.31541E-04 1.69510E-03 2.45866E-03 3.22221E-03 3.98577E-03 4.74933E-03 4.90204E-03 4.91731E-03 % hydrogen
0.00000E+00 0.00000E+00 0.00000E+00 0.00000E+00 0.00000E+00 0.00000E+00 0.00000E+00 0.00000E+00 0.00000E+00 0.00000E+00 0.00000E+00 % lost data
1.00000E+00 1.00050E+00 1.00550E+00 1.03050E+00 1.05550E+00 1.08050E+00 1.10550E+00 1.13050E+00 1.15550E+00 1.16050E+00 1.16100E+00 % total
];

MAT_empty_A = [
0.00000E+00 6.10416E-11 9.09815E-09 1.23915E-08 1.89783E-08 3.84886E-07 2.63685E-06 2.64344E-06 2.65947E-06 2.66078E-06 2.66107E-06 % hydrogen
0.00000E+00 0.00000E+00 0.00000E+00 0.00000E+00 0.00000E+00 0.00000E+00 0.00000E+00 0.00000E+00 0.00000E+00 0.00000E+00 0.00000E+00 % lost data
0.00000E+00 1.66650E+03 1.85363E+05 3.70061E+06 9.93896E+06 2.09244E+07 2.36144E+07 3.53312E+07 5.06247E+07 4.93585E+07 4.96984E+07 % total
];

MAT_empty_H = [
0.00000E+00 5.56479E-26 8.29422E-24 1.12966E-23 1.73013E-23 3.50877E-22 2.40385E-21 2.40986E-21 2.42447E-21 2.42567E-21 2.42594E-21 % hydrogen
0.00000E+00 0.00000E+00 0.00000E+00 0.00000E+00 0.00000E+00 0.00000E+00 0.00000E+00 0.00000E+00 0.00000E+00 0.00000E+00 0.00000E+00 % lost data
0.00000E+00 1.93579E-09 2.15316E-07 4.29859E-06 1.15450E-05 2.43056E-05 2.74302E-05 4.10403E-05 5.88050E-05 5.73343E-05 5.77291E-05 % total
];

MAT_empty_SF = [
0.00000E+00 0.00000E+00 0.00000E+00 0.00000E+00 0.00000E+00 0.00000E+00 0.00000E+00 0.00000E+00 0.00000E+00 0.00000E+00 0.00000E+00 % hydrogen
0.00000E+00 0.00000E+00 0.00000E+00 0.00000E+00 0.00000E+00 0.00000E+00 0.00000E+00 0.00000E+00 0.00000E+00 0.00000E+00 0.00000E+00 % lost data
0.00000E+00 0.00000E+00 0.00000E+00 0.00000E+00 0.00000E+00 0.00000E+00 0.00000E+00 0.00000E+00 0.00000E+00 0.00000E+00 0.00000E+00 % total
];

MAT_empty_GSRC = [
0.00000E+00 0.00000E+00 0.00000E+00 0.00000E+00 0.00000E+00 0.00000E+00 0.00000E+00 0.00000E+00 0.00000E+00 0.00000E+00 0.00000E+00 % hydrogen
0.00000E+00 0.00000E+00 0.00000E+00 0.00000E+00 0.00000E+00 0.00000E+00 0.00000E+00 0.00000E+00 0.00000E+00 0.00000E+00 0.00000E+00 % lost data
0.00000E+00 1.21865E+03 1.35550E+05 2.70613E+06 7.26803E+06 1.53013E+07 1.72686E+07 2.58367E+07 3.70202E+07 3.60944E+07 3.63429E+07 % total
];

MAT_empty_ING_TOX = [
0.00000E+00 2.56375E-21 3.82122E-19 5.20444E-19 7.97087E-19 1.61652E-17 1.10748E-16 1.11024E-16 1.11698E-16 1.11753E-16 1.11765E-16 % hydrogen
0.00000E+00 0.00000E+00 0.00000E+00 0.00000E+00 0.00000E+00 0.00000E+00 0.00000E+00 0.00000E+00 0.00000E+00 0.00000E+00 0.00000E+00 % lost data
0.00000E+00 2.56375E-21 3.82122E-19 5.20444E-19 7.97087E-19 1.61652E-17 1.10748E-16 1.11024E-16 1.11698E-16 1.11753E-16 1.11765E-16 % total
];

MAT_empty_INH_TOX = [
0.00000E+00 1.58708E-20 2.36552E-18 3.22179E-18 4.93435E-18 1.00070E-16 6.85581E-16 6.87294E-16 6.91461E-16 6.91804E-16 6.91879E-16 % hydrogen
0.00000E+00 0.00000E+00 0.00000E+00 0.00000E+00 0.00000E+00 0.00000E+00 0.00000E+00 0.00000E+00 0.00000E+00 0.00000E+00 0.00000E+00 % lost data
0.00000E+00 1.58708E-20 2.36552E-18 3.22179E-18 4.93435E-18 1.00070E-16 6.85581E-16 6.87294E-16 6.91461E-16 6.91804E-16 6.91879E-16 % total
];

