
ZAI = [
1
8
666
0
];

NAMES = [
'hydrogen        '
'oxygen          '
'lost            '
'total           '
];

i1      = 1; ihydrogen         = 1;
i8      = 2; ioxygen           = 2;
iLOST    = 3;
iTOT     = 4;

MAT_empty_VOLUME = [ 3.00000E+00 3.00000E+00 3.00000E+00 3.00000E+00 3.00000E+00 3.00000E+00 3.00000E+00 3.00000E+00 3.00000E+00 3.00000E+00 3.00000E+00 ];

MAT_empty_BURNUP = [ 0.00000E+00 0.00000E+00 0.00000E+00 0.00000E+00 0.00000E+00 0.00000E+00 0.00000E+00 0.00000E+00 0.00000E+00 0.00000E+00 0.00000E+00 ];

MAT_empty_ADENS = [
0.00000E+00 3.04165E-05 3.31540E-04 1.68660E-03 2.36412E-03 2.70289E-03 2.87227E-03 2.95696E-03 2.99931E-03 3.00354E-03 3.00392E-03 % hydrogen
0.00000E+00 6.08330E-05 6.63080E-04 3.37319E-03 4.72825E-03 5.40578E-03 5.74454E-03 5.91392E-03 5.99861E-03 6.00708E-03 6.00784E-03 % oxygen
0.00000E+00 0.00000E+00 0.00000E+00 0.00000E+00 0.00000E+00 0.00000E+00 0.00000E+00 0.00000E+00 0.00000E+00 0.00000E+00 0.00000E+00 % lost data
0.00000E+00 9.12496E-05 9.94620E-04 5.05979E-03 7.09237E-03 8.10866E-03 8.61681E-03 8.87088E-03 8.99792E-03 9.01062E-03 9.01177E-03 % total
];

MAT_empty_MDENS = [
0.00000E+00 5.09039E-05 5.54852E-04 2.82262E-03 3.95650E-03 4.52345E-03 4.80692E-03 4.94865E-03 5.01952E-03 5.02661E-03 5.02724E-03 % hydrogen
0.00000E+00 1.61576E-03 1.76118E-02 8.95940E-02 1.25585E-01 1.43581E-01 1.52579E-01 1.57077E-01 1.59327E-01 1.59552E-01 1.59572E-01 % oxygen
0.00000E+00 0.00000E+00 0.00000E+00 0.00000E+00 0.00000E+00 0.00000E+00 0.00000E+00 0.00000E+00 0.00000E+00 0.00000E+00 0.00000E+00 % lost data
0.00000E+00 1.66667E-03 1.81667E-02 9.24167E-02 1.29542E-01 1.48104E-01 1.57385E-01 1.62026E-01 1.64346E-01 1.64578E-01 1.64599E-01 % total
];

MAT_empty_A = [
0.00000E+00 1.39834E-21 2.40182E-18 3.50050E-07 5.25075E-07 6.12587E-07 6.56343E-07 5.47479E-03 5.47480E-03 5.47486E-03 5.47486E-03 % hydrogen
0.00000E+00 0.00000E+00 0.00000E+00 3.21815E+00 4.66991E+00 5.27795E+00 5.48424E+00 5.27376E+03 5.12642E+03 5.10295E+03 5.10055E+03 % oxygen
0.00000E+00 0.00000E+00 0.00000E+00 0.00000E+00 0.00000E+00 0.00000E+00 0.00000E+00 0.00000E+00 0.00000E+00 0.00000E+00 0.00000E+00 % lost data
0.00000E+00 3.44680E+03 4.00903E+05 7.28262E+06 2.56322E+07 5.16059E+07 8.15786E+07 6.46725E+07 6.62274E+07 6.87083E+07 6.88512E+07 % total
];

MAT_empty_H = [
0.00000E+00 1.27478E-36 2.18959E-33 3.19119E-22 4.78678E-22 5.58458E-22 5.98348E-22 4.99103E-18 4.99104E-18 4.99109E-18 4.99110E-18 % hydrogen
0.00000E+00 0.00000E+00 0.00000E+00 9.05159E-13 1.31349E-12 1.48451E-12 1.54253E-12 1.48333E-09 1.44189E-09 1.43529E-09 1.43461E-09 % oxygen
0.00000E+00 0.00000E+00 0.00000E+00 0.00000E+00 0.00000E+00 0.00000E+00 0.00000E+00 0.00000E+00 0.00000E+00 0.00000E+00 0.00000E+00 % lost data
0.00000E+00 4.00377E-09 4.65685E-07 8.45942E-06 2.97742E-05 5.99449E-05 9.47609E-05 7.51183E-05 7.69246E-05 7.98065E-05 7.99724E-05 % total
];

MAT_empty_SF = [
0.00000E+00 0.00000E+00 0.00000E+00 0.00000E+00 0.00000E+00 0.00000E+00 0.00000E+00 0.00000E+00 0.00000E+00 0.00000E+00 0.00000E+00 % hydrogen
0.00000E+00 0.00000E+00 0.00000E+00 0.00000E+00 0.00000E+00 0.00000E+00 0.00000E+00 0.00000E+00 0.00000E+00 0.00000E+00 0.00000E+00 % oxygen
0.00000E+00 0.00000E+00 0.00000E+00 0.00000E+00 0.00000E+00 0.00000E+00 0.00000E+00 0.00000E+00 0.00000E+00 0.00000E+00 0.00000E+00 % lost data
0.00000E+00 0.00000E+00 0.00000E+00 0.00000E+00 0.00000E+00 0.00000E+00 0.00000E+00 0.00000E+00 0.00000E+00 0.00000E+00 0.00000E+00 % total
];

MAT_empty_GSRC = [
0.00000E+00 0.00000E+00 0.00000E+00 0.00000E+00 0.00000E+00 0.00000E+00 0.00000E+00 0.00000E+00 0.00000E+00 0.00000E+00 0.00000E+00 % hydrogen
0.00000E+00 0.00000E+00 0.00000E+00 6.42990E+00 9.33052E+00 1.05454E+01 1.09576E+01 1.05370E+04 1.02426E+04 1.01957E+04 1.01909E+04 % oxygen
0.00000E+00 0.00000E+00 0.00000E+00 0.00000E+00 0.00000E+00 0.00000E+00 0.00000E+00 0.00000E+00 0.00000E+00 0.00000E+00 0.00000E+00 % lost data
0.00000E+00 2.52053E+03 2.93167E+05 5.32554E+06 1.87440E+07 3.77376E+07 5.96557E+07 4.72995E+07 4.84363E+07 5.02505E+07 5.03550E+07 % total
];

MAT_empty_ING_TOX = [
0.00000E+00 5.87304E-32 1.00877E-28 1.47021E-17 2.20531E-17 2.57287E-17 2.75664E-17 2.29941E-13 2.29942E-13 2.29944E-13 2.29944E-13 % hydrogen
0.00000E+00 0.00000E+00 0.00000E+00 0.00000E+00 0.00000E+00 0.00000E+00 0.00000E+00 0.00000E+00 0.00000E+00 0.00000E+00 0.00000E+00 % oxygen
0.00000E+00 0.00000E+00 0.00000E+00 0.00000E+00 0.00000E+00 0.00000E+00 0.00000E+00 0.00000E+00 0.00000E+00 0.00000E+00 0.00000E+00 % lost data
0.00000E+00 9.35648E-32 1.57443E-28 1.47021E-17 2.20531E-17 2.57287E-17 2.75664E-17 2.29941E-13 2.29942E-13 2.29944E-13 2.29944E-13 % total
];

MAT_empty_INH_TOX = [
0.00000E+00 3.63569E-31 6.24474E-28 9.10129E-17 1.36519E-16 1.59273E-16 1.70649E-16 1.42345E-12 1.42345E-12 1.42346E-12 1.42346E-12 % hydrogen
0.00000E+00 0.00000E+00 0.00000E+00 0.00000E+00 0.00000E+00 0.00000E+00 0.00000E+00 0.00000E+00 0.00000E+00 0.00000E+00 0.00000E+00 % oxygen
0.00000E+00 0.00000E+00 0.00000E+00 0.00000E+00 0.00000E+00 0.00000E+00 0.00000E+00 0.00000E+00 0.00000E+00 0.00000E+00 0.00000E+00 % lost data
0.00000E+00 7.11913E-31 1.19014E-27 9.10129E-17 1.36519E-16 1.59273E-16 1.70649E-16 1.42345E-12 1.42345E-12 1.42346E-12 1.42346E-12 % total
];

MAT_water_VOLUME = [ 2.00000E+00 2.00000E+00 2.00000E+00 2.00000E+00 2.00000E+00 2.00000E+00 2.00000E+00 2.00000E+00 2.00000E+00 2.00000E+00 2.00000E+00 ];

MAT_water_BURNUP = [ 0.00000E+00 0.00000E+00 0.00000E+00 0.00000E+00 0.00000E+00 0.00000E+00 0.00000E+00 0.00000E+00 0.00000E+00 0.00000E+00 0.00000E+00 ];

MAT_water_ADENS = [
4.56248E-03 4.51685E-03 4.06517E-03 2.03258E-03 1.01629E-03 5.08146E-04 2.54073E-04 1.27037E-04 6.35183E-05 5.71664E-05 5.65948E-05 % hydrogen
9.12496E-03 9.03371E-03 8.13034E-03 4.06517E-03 2.03258E-03 1.01629E-03 5.08146E-04 2.54073E-04 1.27037E-04 1.14333E-04 1.13190E-04 % oxygen
0.00000E+00 0.00000E+00 0.00000E+00 0.00000E+00 0.00000E+00 0.00000E+00 0.00000E+00 0.00000E+00 0.00000E+00 0.00000E+00 0.00000E+00 % lost data
1.36874E-02 1.35506E-02 1.21955E-02 6.09775E-03 3.04888E-03 1.52444E-03 7.62219E-04 3.81110E-04 1.90555E-04 1.71499E-04 1.69784E-04 % total
];

MAT_water_MDENS = [
7.63558E-03 7.55922E-03 6.80330E-03 3.40165E-03 1.70083E-03 8.50413E-04 4.25206E-04 2.12603E-04 1.06302E-04 9.56714E-05 9.47147E-05 % hydrogen
2.42364E-01 2.39941E-01 2.15947E-01 1.07973E-01 5.39867E-02 2.69933E-02 1.34967E-02 6.74833E-03 3.37417E-03 3.03675E-03 3.00638E-03 % oxygen
0.00000E+00 0.00000E+00 0.00000E+00 0.00000E+00 0.00000E+00 0.00000E+00 0.00000E+00 0.00000E+00 0.00000E+00 0.00000E+00 0.00000E+00 % lost data
2.50000E-01 2.47500E-01 2.22750E-01 1.11375E-01 5.56875E-02 2.78438E-02 1.39219E-02 6.96094E-03 3.48047E-03 3.13242E-03 3.10110E-03 % total
];

MAT_water_A = [
0.00000E+00 3.13027E-19 7.00100E-07 3.50050E-07 1.75025E-07 8.75124E-08 4.37562E-08 2.18781E-08 5.66762E-07 5.10086E-07 5.06375E-07 % hydrogen
0.00000E+00 0.00000E+00 6.52798E+00 3.12734E+00 1.49821E+00 7.17743E-01 3.43848E-01 1.64726E-01 5.53409E+01 4.95095E+01 4.89996E+01 % oxygen
0.00000E+00 0.00000E+00 0.00000E+00 0.00000E+00 0.00000E+00 0.00000E+00 0.00000E+00 0.00000E+00 0.00000E+00 0.00000E+00 0.00000E+00 % lost data
0.00000E+00 5.42006E+05 5.36640E+06 1.03638E+07 5.62905E+06 7.69774E+06 2.99151E+06 1.97659E+06 5.96230E+05 5.17625E+05 5.13480E+05 % total
];

MAT_water_H = [
0.00000E+00 2.85368E-34 6.38238E-22 3.19119E-22 1.59559E-22 7.97797E-23 3.98899E-23 1.99449E-23 5.16682E-22 4.65014E-22 4.61631E-22 % hydrogen
0.00000E+00 0.00000E+00 1.83610E-12 8.79617E-13 4.21396E-13 2.01877E-13 9.67129E-14 4.63320E-14 1.55655E-11 1.39254E-11 1.37820E-11 % oxygen
0.00000E+00 0.00000E+00 0.00000E+00 0.00000E+00 0.00000E+00 0.00000E+00 0.00000E+00 0.00000E+00 0.00000E+00 0.00000E+00 0.00000E+00 % lost data
0.00000E+00 6.29589E-07 6.23355E-06 1.20384E-05 6.53864E-06 8.94162E-06 3.47491E-06 2.29599E-06 6.92526E-07 6.01224E-07 5.96410E-07 % total
];

