
ZAI = [
1
666
0
];

NAMES = [
'hydrogen        '
'lost            '
'total           '
];

i1      = 1; ihydrogen         = 1;
iLOST    = 2;
iTOT     = 3;

MAT_fuel_VOLUME = [ 5.00000E+00 5.00000E+00 5.00000E+00 5.00000E+00 5.00000E+00 5.00000E+00 5.00000E+00 5.00000E+00 5.00000E+00 5.00000E+00 5.00000E+00 ];

MAT_fuel_BURNUP = [ 0.00000E+00 1.23531E-08 1.35890E-07 7.53568E-07 1.37127E-06 1.98895E-06 2.60661E-06 3.22429E-06 3.84200E-06 3.96554E-06 3.97789E-06 ];

MAT_fuel_ADENS = [
0.00000E+00 3.66065E-31 2.59671E-29 1.27799E-27 7.45528E-27 1.84108E-26 3.85230E-26 6.34623E-26 1.06266E-25 1.16103E-25 1.17148E-25 % hydrogen
0.00000E+00 2.72853E-19 3.00915E-18 1.66643E-17 3.03174E-17 4.39894E-17 5.76037E-17 7.12462E-17 8.48811E-17 8.76106E-17 8.78834E-17 % lost data
4.74981E-02 4.74981E-02 4.74981E-02 4.74981E-02 4.74981E-02 4.74981E-02 4.74981E-02 4.74981E-02 4.74981E-02 4.74981E-02 4.74981E-02 % total
];

MAT_fuel_MDENS = [
0.00000E+00 6.86782E-31 4.85253E-29 2.33532E-27 1.39948E-26 3.33677E-26 7.06244E-26 1.14223E-25 1.90836E-25 2.08367E-25 2.10207E-25 % hydrogen
0.00000E+00 0.00000E+00 0.00000E+00 0.00000E+00 0.00000E+00 0.00000E+00 0.00000E+00 0.00000E+00 0.00000E+00 0.00000E+00 0.00000E+00 % lost data
1.87400E+01 1.87400E+01 1.87400E+01 1.87400E+01 1.87400E+01 1.87400E+01 1.87400E+01 1.87400E+01 1.87400E+01 1.87400E+01 1.87400E+01 % total
];

MAT_fuel_A = [
0.00000E+00 4.96327E-17 3.56364E-15 1.35408E-13 1.61130E-12 2.24103E-12 6.38491E-12 7.36754E-12 1.20623E-11 1.29844E-11 1.30437E-11 % hydrogen
0.00000E+00 0.00000E+00 0.00000E+00 0.00000E+00 0.00000E+00 0.00000E+00 0.00000E+00 0.00000E+00 0.00000E+00 0.00000E+00 0.00000E+00 % lost data
2.11398E+06 1.56543E+12 1.23195E+13 3.43623E+13 4.40158E+13 4.99923E+13 5.42479E+13 5.75774E+13 6.02705E+13 6.07594E+13 6.08066E+13 % total
];

MAT_fuel_H = [
0.00000E+00 4.52471E-32 3.24875E-30 1.23443E-28 1.46892E-27 2.04301E-27 5.82073E-27 6.71653E-27 1.09964E-26 1.18371E-26 1.18912E-26 % hydrogen
0.00000E+00 0.00000E+00 0.00000E+00 0.00000E+00 0.00000E+00 0.00000E+00 0.00000E+00 0.00000E+00 0.00000E+00 0.00000E+00 0.00000E+00 % lost data
1.50875E-06 1.12458E+00 8.29242E+00 2.10160E+01 2.59982E+01 2.89053E+01 3.08930E+01 3.24201E+01 3.36322E+01 3.38526E+01 3.38735E+01 % total
];

MAT_fuel_SF = [
0.00000E+00 0.00000E+00 0.00000E+00 0.00000E+00 0.00000E+00 0.00000E+00 0.00000E+00 0.00000E+00 0.00000E+00 0.00000E+00 0.00000E+00 % hydrogen
0.00000E+00 0.00000E+00 0.00000E+00 0.00000E+00 0.00000E+00 0.00000E+00 0.00000E+00 0.00000E+00 0.00000E+00 0.00000E+00 0.00000E+00 % lost data
5.40799E+01 5.40799E+01 5.40799E+01 5.40799E+01 5.40799E+01 5.40799E+01 5.40799E+01 5.40799E+01 5.40799E+01 5.40799E+01 5.40799E+01 % total
];

MAT_fuel_GSRC = [
0.00000E+00 0.00000E+00 0.00000E+00 0.00000E+00 0.00000E+00 0.00000E+00 0.00000E+00 0.00000E+00 0.00000E+00 0.00000E+00 0.00000E+00 % hydrogen
0.00000E+00 0.00000E+00 0.00000E+00 0.00000E+00 0.00000E+00 0.00000E+00 0.00000E+00 0.00000E+00 0.00000E+00 0.00000E+00 0.00000E+00 % lost data
1.43723E+06 1.00940E+12 8.62282E+12 2.53800E+13 3.27562E+13 3.72167E+13 4.02419E+13 4.24790E+13 4.42038E+13 4.45081E+13 4.45375E+13 % total
];

MAT_fuel_ING_TOX = [
0.00000E+00 2.08457E-27 1.49673E-25 5.68713E-24 6.76744E-23 9.41233E-23 2.68166E-22 3.09437E-22 5.06615E-22 5.45344E-22 5.47836E-22 % hydrogen
0.00000E+00 0.00000E+00 0.00000E+00 0.00000E+00 0.00000E+00 0.00000E+00 0.00000E+00 0.00000E+00 0.00000E+00 0.00000E+00 0.00000E+00 % lost data
9.73760E-02 1.30442E-01 4.78170E-01 2.62579E+00 5.26039E+00 8.23013E+00 1.14536E+01 1.48717E+01 1.84538E+01 1.91870E+01 1.92606E+01 % total
];

MAT_fuel_INH_TOX = [
0.00000E+00 1.29045E-26 9.26547E-25 3.52060E-23 4.18937E-22 5.82668E-22 1.66008E-21 1.91556E-21 3.13619E-21 3.37594E-21 3.39137E-21 % hydrogen
0.00000E+00 0.00000E+00 0.00000E+00 0.00000E+00 0.00000E+00 0.00000E+00 0.00000E+00 0.00000E+00 0.00000E+00 0.00000E+00 0.00000E+00 % lost data
1.74736E+01 1.74918E+01 1.76834E+01 1.88523E+01 2.02617E+01 2.18313E+01 2.35201E+01 2.52967E+01 2.71475E+01 2.75251E+01 2.75630E+01 % total
];

MAT_empty_VOLUME = [ 3.00000E+00 3.00000E+00 3.00000E+00 3.00000E+00 3.00000E+00 3.00000E+00 3.00000E+00 3.00000E+00 3.00000E+00 3.00000E+00 3.00000E+00 ];

MAT_empty_BURNUP = [ 0.00000E+00 0.00000E+00 0.00000E+00 0.00000E+00 0.00000E+00 0.00000E+00 0.00000E+00 0.00000E+00 0.00000E+00 0.00000E+00 0.00000E+00 ];

MAT_empty_ADENS = [
0.00000E+00 9.11128E-06 9.87364E-05 5.08661E-04 8.61487E-04 1.16517E-03 1.42655E-03 1.65152E-03 1.84515E-03 1.88051E-03 1.88399E-03 % hydrogen
0.00000E+00 0.00000E+00 0.00000E+00 0.00000E+00 0.00000E+00 0.00000E+00 0.00000E+00 0.00000E+00 0.00000E+00 0.00000E+00 0.00000E+00 % lost data
1.50453E-01 1.50481E-01 1.50749E-01 1.51979E-01 1.53038E-01 1.53949E-01 1.54733E-01 1.55408E-01 1.55989E-01 1.56095E-01 1.56105E-01 % total
];

MAT_empty_MDENS = [
0.00000E+00 1.52483E-05 1.65241E-04 8.51275E-04 1.44175E-03 1.94998E-03 2.38741E-03 2.76391E-03 3.08797E-03 3.14715E-03 3.15297E-03 % hydrogen
0.00000E+00 0.00000E+00 0.00000E+00 0.00000E+00 0.00000E+00 0.00000E+00 0.00000E+00 0.00000E+00 0.00000E+00 0.00000E+00 0.00000E+00 % lost data
1.00000E+00 1.00050E+00 1.00541E+00 1.02787E+00 1.04720E+00 1.06385E+00 1.07817E+00 1.09049E+00 1.10110E+00 1.10304E+00 1.10323E+00 % total
];

MAT_empty_A = [
0.00000E+00 6.09806E-11 8.99875E-09 9.67042E-09 1.45908E-08 2.18987E-08 2.60455E-08 2.60455E-08 6.22689E-07 6.31468E-07 6.32229E-07 % hydrogen
0.00000E+00 0.00000E+00 0.00000E+00 0.00000E+00 0.00000E+00 0.00000E+00 0.00000E+00 0.00000E+00 0.00000E+00 0.00000E+00 0.00000E+00 % lost data
0.00000E+00 1.66409E+03 1.82464E+05 4.45116E+06 1.20768E+07 1.85688E+07 2.16949E+07 2.33681E+07 2.62267E+07 2.87262E+07 2.88642E+07 % total
];

MAT_empty_H = [
0.00000E+00 5.55923E-26 8.20361E-24 8.81593E-24 1.33016E-23 1.99637E-23 2.37441E-23 2.37441E-23 5.67667E-22 5.75670E-22 5.76364E-22 % hydrogen
0.00000E+00 0.00000E+00 0.00000E+00 0.00000E+00 0.00000E+00 0.00000E+00 0.00000E+00 0.00000E+00 0.00000E+00 0.00000E+00 0.00000E+00 % lost data
0.00000E+00 1.93299E-09 2.11949E-07 5.17043E-06 1.40283E-05 2.15694E-05 2.52006E-05 2.71442E-05 3.04646E-05 3.33681E-05 3.35284E-05 % total
];

MAT_empty_SF = [
0.00000E+00 0.00000E+00 0.00000E+00 0.00000E+00 0.00000E+00 0.00000E+00 0.00000E+00 0.00000E+00 0.00000E+00 0.00000E+00 0.00000E+00 % hydrogen
0.00000E+00 0.00000E+00 0.00000E+00 0.00000E+00 0.00000E+00 0.00000E+00 0.00000E+00 0.00000E+00 0.00000E+00 0.00000E+00 0.00000E+00 % lost data
0.00000E+00 0.00000E+00 0.00000E+00 0.00000E+00 0.00000E+00 0.00000E+00 0.00000E+00 0.00000E+00 0.00000E+00 0.00000E+00 0.00000E+00 % total
];

MAT_empty_GSRC = [
0.00000E+00 0.00000E+00 0.00000E+00 0.00000E+00 0.00000E+00 0.00000E+00 0.00000E+00 0.00000E+00 0.00000E+00 0.00000E+00 0.00000E+00 % hydrogen
0.00000E+00 0.00000E+00 0.00000E+00 0.00000E+00 0.00000E+00 0.00000E+00 0.00000E+00 0.00000E+00 0.00000E+00 0.00000E+00 0.00000E+00 % lost data
0.00000E+00 1.21689E+03 1.33430E+05 3.25498E+06 8.83139E+06 1.35787E+07 1.58647E+07 1.70883E+07 1.91787E+07 2.10065E+07 2.11074E+07 % total
];

MAT_empty_ING_TOX = [
0.00000E+00 2.56119E-21 3.77948E-19 4.06158E-19 6.12814E-19 9.19747E-19 1.09391E-18 1.09391E-18 2.61529E-17 2.65216E-17 2.65536E-17 % hydrogen
0.00000E+00 0.00000E+00 0.00000E+00 0.00000E+00 0.00000E+00 0.00000E+00 0.00000E+00 0.00000E+00 0.00000E+00 0.00000E+00 0.00000E+00 % lost data
0.00000E+00 2.56119E-21 3.77948E-19 4.06158E-19 6.12814E-19 9.19747E-19 1.09391E-18 1.09391E-18 2.61529E-17 2.65216E-17 2.65536E-17 % total
];

MAT_empty_INH_TOX = [
0.00000E+00 1.58550E-20 2.33968E-18 2.51431E-18 3.79361E-18 5.69367E-18 6.77184E-18 6.77184E-18 1.61899E-16 1.64182E-16 1.64380E-16 % hydrogen
0.00000E+00 0.00000E+00 0.00000E+00 0.00000E+00 0.00000E+00 0.00000E+00 0.00000E+00 0.00000E+00 0.00000E+00 0.00000E+00 0.00000E+00 % lost data
0.00000E+00 1.58550E-20 2.33968E-18 2.51431E-18 3.79361E-18 5.69367E-18 6.77184E-18 6.77185E-18 1.61899E-16 1.64182E-16 1.64380E-16 % total
];

