
ZAI = [
1
8
666
0
];

NAMES = [
'hydrogen        '
'oxygen          '
'lost            '
'total           '
];

i1      = 1; ihydrogen         = 1;
i8      = 2; ioxygen           = 2;
iLOST    = 3;
iTOT     = 4;

MAT_empty_VOLUME = [ 3.00000E+00 3.00000E+00 3.00000E+00 3.00000E+00 3.00000E+00 3.00000E+00 3.00000E+00 3.00000E+00 3.00000E+00 3.00000E+00 3.00000E+00 ];

MAT_empty_BURNUP = [ 0.00000E+00 0.00000E+00 0.00000E+00 0.00000E+00 0.00000E+00 0.00000E+00 0.00000E+00 0.00000E+00 0.00000E+00 0.00000E+00 0.00000E+00 ];

MAT_empty_ADENS = [
0.00000E+00 3.04165E-05 3.34582E-04 1.85541E-03 3.37623E-03 4.89706E-03 6.41789E-03 7.93871E-03 9.45954E-03 9.76370E-03 9.79412E-03 % hydrogen
0.00000E+00 6.08330E-05 6.69163E-04 3.71082E-03 6.75247E-03 9.79412E-03 1.28358E-02 1.58774E-02 1.89191E-02 1.95274E-02 1.95882E-02 % oxygen
0.00000E+00 0.00000E+00 0.00000E+00 0.00000E+00 0.00000E+00 0.00000E+00 0.00000E+00 0.00000E+00 0.00000E+00 0.00000E+00 0.00000E+00 % lost data
0.00000E+00 9.12496E-05 1.00375E-03 5.56622E-03 1.01287E-02 1.46912E-02 1.92537E-02 2.38161E-02 2.83786E-02 2.92911E-02 2.93824E-02 % total
];

MAT_empty_MDENS = [
0.00000E+00 5.09039E-05 5.59943E-04 3.10514E-03 5.65033E-03 8.19552E-03 1.07407E-02 1.32859E-02 1.58311E-02 1.63401E-02 1.63910E-02 % hydrogen
0.00000E+00 1.61576E-03 1.77734E-02 9.85615E-02 1.79350E-01 2.60138E-01 3.40926E-01 4.21714E-01 5.02502E-01 5.18660E-01 5.20276E-01 % oxygen
0.00000E+00 0.00000E+00 0.00000E+00 0.00000E+00 0.00000E+00 0.00000E+00 0.00000E+00 0.00000E+00 0.00000E+00 0.00000E+00 0.00000E+00 % lost data
0.00000E+00 1.66667E-03 1.83333E-02 1.01667E-01 1.85000E-01 2.68333E-01 3.51667E-01 4.35000E-01 5.18333E-01 5.35000E-01 5.36667E-01 % total
];

MAT_empty_A = [
0.00000E+00 3.74122E-21 5.16651E-18 8.24272E-16 4.82455E-15 1.43291E-14 3.25673E-14 6.31738E-14 1.06282E-13 1.76843E-08 1.76843E-08 % hydrogen
0.00000E+00 0.00000E+00 0.00000E+00 0.00000E+00 0.00000E+00 0.00000E+00 0.00000E+00 0.00000E+00 0.00000E+00 0.00000E+00 0.00000E+00 % oxygen
0.00000E+00 0.00000E+00 0.00000E+00 0.00000E+00 0.00000E+00 0.00000E+00 0.00000E+00 0.00000E+00 0.00000E+00 0.00000E+00 0.00000E+00 % lost data
0.00000E+00 6.16606E+03 7.88078E+05 2.01661E+07 4.22390E+07 5.28964E+07 7.40014E+07 1.57366E+08 1.40525E+08 1.52645E+08 1.53893E+08 % total
];

MAT_empty_H = [
0.00000E+00 3.41064E-36 4.70999E-33 7.51438E-31 4.39825E-30 1.30630E-29 2.96896E-29 5.75916E-29 9.68905E-29 1.61217E-23 1.61217E-23 % hydrogen
0.00000E+00 0.00000E+00 0.00000E+00 0.00000E+00 0.00000E+00 0.00000E+00 0.00000E+00 0.00000E+00 0.00000E+00 0.00000E+00 0.00000E+00 % oxygen
0.00000E+00 0.00000E+00 0.00000E+00 0.00000E+00 0.00000E+00 0.00000E+00 0.00000E+00 0.00000E+00 0.00000E+00 0.00000E+00 0.00000E+00 % lost data
0.00000E+00 7.16243E-09 9.15424E-07 2.34247E-05 4.90644E-05 6.14439E-05 8.59593E-05 1.82795E-04 1.63232E-04 1.77311E-04 1.78760E-04 % total
];

MAT_empty_SF = [
0.00000E+00 0.00000E+00 0.00000E+00 0.00000E+00 0.00000E+00 0.00000E+00 0.00000E+00 0.00000E+00 0.00000E+00 0.00000E+00 0.00000E+00 % hydrogen
0.00000E+00 0.00000E+00 0.00000E+00 0.00000E+00 0.00000E+00 0.00000E+00 0.00000E+00 0.00000E+00 0.00000E+00 0.00000E+00 0.00000E+00 % oxygen
0.00000E+00 0.00000E+00 0.00000E+00 0.00000E+00 0.00000E+00 0.00000E+00 0.00000E+00 0.00000E+00 0.00000E+00 0.00000E+00 0.00000E+00 % lost data
0.00000E+00 0.00000E+00 0.00000E+00 0.00000E+00 0.00000E+00 0.00000E+00 0.00000E+00 0.00000E+00 0.00000E+00 0.00000E+00 0.00000E+00 % total
];

MAT_empty_GSRC = [
0.00000E+00 0.00000E+00 0.00000E+00 0.00000E+00 0.00000E+00 0.00000E+00 0.00000E+00 0.00000E+00 0.00000E+00 0.00000E+00 0.00000E+00 % hydrogen
0.00000E+00 0.00000E+00 0.00000E+00 0.00000E+00 0.00000E+00 0.00000E+00 0.00000E+00 0.00000E+00 0.00000E+00 0.00000E+00 0.00000E+00 % oxygen
0.00000E+00 0.00000E+00 0.00000E+00 0.00000E+00 0.00000E+00 0.00000E+00 0.00000E+00 0.00000E+00 0.00000E+00 0.00000E+00 0.00000E+00 % lost data
0.00000E+00 4.50903E+03 5.76295E+05 1.47468E+07 3.08880E+07 3.86813E+07 5.41147E+07 1.15077E+08 1.02761E+08 1.11624E+08 1.12537E+08 % total
];

MAT_empty_ING_TOX = [
0.00000E+00 1.57131E-31 2.16993E-28 3.46194E-26 2.02631E-25 6.01823E-25 1.36783E-24 2.65330E-24 4.46383E-24 7.42741E-19 7.42741E-19 % hydrogen
0.00000E+00 0.00000E+00 0.00000E+00 0.00000E+00 0.00000E+00 0.00000E+00 0.00000E+00 0.00000E+00 0.00000E+00 0.00000E+00 0.00000E+00 % oxygen
0.00000E+00 0.00000E+00 0.00000E+00 0.00000E+00 0.00000E+00 0.00000E+00 0.00000E+00 0.00000E+00 0.00000E+00 0.00000E+00 0.00000E+00 % lost data
0.00000E+00 2.39700E-31 3.26775E-28 5.34063E-26 3.15209E-25 9.43926E-25 2.14565E-24 4.13826E-24 6.97811E-24 7.42743E-19 7.42743E-19 % total
];

MAT_empty_INH_TOX = [
0.00000E+00 9.72717E-31 1.34329E-27 2.14311E-25 1.25438E-24 3.72557E-24 8.46751E-24 1.64252E-23 2.76333E-23 4.59792E-18 4.59792E-18 % hydrogen
0.00000E+00 0.00000E+00 0.00000E+00 0.00000E+00 0.00000E+00 0.00000E+00 0.00000E+00 0.00000E+00 0.00000E+00 0.00000E+00 0.00000E+00 % oxygen
0.00000E+00 0.00000E+00 0.00000E+00 0.00000E+00 0.00000E+00 0.00000E+00 0.00000E+00 0.00000E+00 0.00000E+00 0.00000E+00 0.00000E+00 % lost data
0.00000E+00 1.79841E-30 2.44111E-27 4.02180E-25 2.38016E-24 7.14660E-24 1.62457E-23 3.12748E-23 5.27760E-23 4.59795E-18 4.59795E-18 % total
];

MAT_water_VOLUME = [ 2.00000E+00 2.00000E+00 2.00000E+00 2.00000E+00 2.00000E+00 2.00000E+00 2.00000E+00 2.00000E+00 2.00000E+00 2.00000E+00 2.00000E+00 ];

MAT_water_BURNUP = [ 0.00000E+00 0.00000E+00 0.00000E+00 0.00000E+00 0.00000E+00 0.00000E+00 0.00000E+00 0.00000E+00 0.00000E+00 0.00000E+00 0.00000E+00 ];

MAT_water_ADENS = [
4.56248E-03 4.56248E-03 4.56248E-03 4.56248E-03 4.56248E-03 4.56248E-03 4.56248E-03 4.56248E-03 4.56248E-03 4.56248E-03 4.56248E-03 % hydrogen
9.12496E-03 9.12496E-03 9.12496E-03 9.12496E-03 9.12496E-03 9.12496E-03 9.12496E-03 9.12496E-03 9.12496E-03 9.12496E-03 9.12496E-03 % oxygen
0.00000E+00 0.00000E+00 0.00000E+00 0.00000E+00 0.00000E+00 0.00000E+00 0.00000E+00 0.00000E+00 0.00000E+00 0.00000E+00 0.00000E+00 % lost data
1.36874E-02 1.36874E-02 1.36874E-02 1.36874E-02 1.36874E-02 1.36874E-02 1.36874E-02 1.36874E-02 1.36874E-02 1.36874E-02 1.36874E-02 % total
];

MAT_water_MDENS = [
7.63558E-03 7.63558E-03 7.63558E-03 7.63558E-03 7.63558E-03 7.63558E-03 7.63558E-03 7.63558E-03 7.63558E-03 7.63558E-03 7.63558E-03 % hydrogen
2.42364E-01 2.42364E-01 2.42364E-01 2.42364E-01 2.42364E-01 2.42364E-01 2.42364E-01 2.42364E-01 2.42364E-01 2.42364E-01 2.42364E-01 % oxygen
0.00000E+00 0.00000E+00 0.00000E+00 0.00000E+00 0.00000E+00 0.00000E+00 0.00000E+00 0.00000E+00 0.00000E+00 0.00000E+00 0.00000E+00 % lost data
2.50000E-01 2.50000E-01 2.50000E-01 2.50000E-01 2.50000E-01 2.50000E-01 2.50000E-01 2.50000E-01 2.50000E-01 2.50000E-01 2.50000E-01 % total
];

MAT_water_A = [
0.00000E+00 3.14074E-19 3.61680E-17 8.76303E-16 2.94189E-15 6.67190E-15 1.15853E-14 1.73468E-14 2.42295E-14 2.58042E-14 2.59578E-14 % hydrogen
0.00000E+00 0.00000E+00 0.00000E+00 0.00000E+00 0.00000E+00 0.00000E+00 0.00000E+00 0.00000E+00 0.00000E+00 0.00000E+00 0.00000E+00 % oxygen
0.00000E+00 0.00000E+00 0.00000E+00 0.00000E+00 0.00000E+00 0.00000E+00 0.00000E+00 0.00000E+00 0.00000E+00 0.00000E+00 0.00000E+00 % lost data
0.00000E+00 5.44734E+05 4.27264E+06 1.98315E+07 2.67825E+07 4.25254E+07 5.95425E+07 4.32990E+07 4.09711E+07 4.44581E+07 4.47231E+07 % total
];

MAT_water_H = [
0.00000E+00 2.86322E-34 3.29722E-32 7.98872E-31 2.68194E-30 6.08236E-30 1.05616E-29 1.58140E-29 2.20885E-29 2.35241E-29 2.36641E-29 % hydrogen
0.00000E+00 0.00000E+00 0.00000E+00 0.00000E+00 0.00000E+00 0.00000E+00 0.00000E+00 0.00000E+00 0.00000E+00 0.00000E+00 0.00000E+00 % oxygen
0.00000E+00 0.00000E+00 0.00000E+00 0.00000E+00 0.00000E+00 0.00000E+00 0.00000E+00 0.00000E+00 0.00000E+00 0.00000E+00 0.00000E+00 % lost data
0.00000E+00 6.32757E-07 4.96306E-06 2.30361E-05 3.11102E-05 4.93971E-05 6.91640E-05 5.02957E-05 4.75916E-05 5.16421E-05 5.19499E-05 % total
];

